# qdac_multiple_set	qdac_ch19_curr_ucal	qdac_ch22_curr_ucal	timer
# "Voltage"	"ch19"	"ch22"	"Elapsed time"
# 1001
-10	-0.000832831	0.000701149	0.141536500072107
-9.98	-0.000830517	0.000698382	0.253517699893564
-9.96	-0.000827919	0.000696489	0.365513999946415
-9.94	-0.000825596	0.000693416	0.477590299909934
-9.92	-0.000823165	0.000690837	0.589652900118381
-9.9	-0.000820895	0.000688006	0.701606299960986
-9.88	-0.000818733	0.000685377	0.813651900039986
-9.86	-0.00081603	0.000682052	0.925697300117463
-9.84	-0.000813711	0.000679317	1.03755400003865
-9.82	-0.000811237	0.000676537	1.14948970009573
-9.8	-0.000809228	0.000674293	1.26148390001617
-9.78	-0.000806268	0.000671259	1.37348149996251
-9.76	-0.00080418	0.000668765	1.48559330007993
-9.74	-0.000801767	0.00066617	1.59739300003275
-9.72	-0.00079945	0.000663076	1.70942620001733
-9.7	-0.000797149	0.000661213	1.82141069998033
-9.68	-0.000794719	0.000658283	1.93351010000333
-9.66	-0.000792715	0.00065561	2.04546139994636
-9.64	-0.000790083	0.000653252	2.15739249996841
-9.62	-0.000787793	0.000650233	2.26933369995095
-9.6	-0.000785563	0.000647707	2.38153730006889
-9.58	-0.000783038	0.000645179	2.49339560000226
-9.56	-0.000780999	0.000642658	2.60538919991814
-9.54	-0.000778839	0.000640313	2.71755670011044
-9.52	-0.000776826	0.000637745	2.82942320010625
-9.5	-0.000774204	0.000634867	2.94132260000333
-9.48	-0.000772009	0.000631868	3.05336140003055
-9.46	-0.000769942	0.000629666	3.16531710000709
-9.44	-0.00076748	0.000627885	3.27735459990799
-9.42	-0.000765683	0.000626009	3.38944189995527
-9.4	-0.000763317	0.000623369	3.50132509996183
-9.38	-0.000761055	0.000620971	3.61330389999785
-9.36	-0.000759074	0.000618491	3.72530280007049
-9.34	-0.000756783	0.000616061	3.83732050005347
-9.32	-0.000754597	0.000613334	3.94927440001629
-9.3	-0.000752493	0.000611119	4.06134760007262
-9.28	-0.000750171	0.000608642	4.17325780005194
-9.26	-0.000748185	0.000606399	4.28530020010658
-9.24	-0.000745712	0.000603981	4.39728110004216
-9.22	-0.000743864	0.000601914	4.50927400006913
-9.2	-0.000741962	0.000599452	4.62161420006305
-9.18	-0.000739771	0.000596795	4.73330820002593
-9.16	-0.000737415	0.000594433	4.8453985999804
-9.14	-0.000735374	0.000592132	4.95726320007816
-9.12	-0.000733278	0.000589915	5.06935620005243
-9.1	-0.000731096	0.000587513	5.18134030001238
-9.08	-0.000729163	0.000585135	5.29318729997613
-9.06	-0.000727284	0.000583332	5.40547710005194
-9.04	-0.000724952	0.000580647	5.51727490010671
-9.02	-0.000722912	0.000577837	5.62918659998104
-9	-0.000720998	0.000575744	5.74128499999642
-8.98	-0.00071863	0.000573532	5.85328730009496
-8.96	-0.000716703	0.000571364	5.96518460009247
-8.94	-0.000714572	0.000569098	6.07720010005869
-8.92	-0.000712971	0.000566686	6.18910169997253
-8.9	-0.000710758	0.000564471	6.30103110009804
-8.88	-0.000708787	0.00056215	6.41322800004855
-8.86	-0.000706863	0.000559914	6.52512499992736
-8.84	-0.000705077	0.000557866	6.63716119993478
-8.82	-0.000702895	0.000555724	6.74913730006665
-8.8	-0.000701125	0.000553703	6.86110350000672
-8.78	-0.000699161	0.000551349	6.97304160008207
-8.76	-0.000697183	0.000548961	7.08505399990827
-8.74	-0.000694892	0.000546882	7.19697900000028
-8.72	-0.000693239	0.000544776	7.30925419996493
-8.7	-0.000691301	0.000542733	7.42102240002714
-8.68	-0.000688857	0.000539543	7.53293300000951
-8.66	-0.000687354	0.000537863	7.64519939990714
-8.64	-0.000685033	0.0005356	7.75705970008858
-8.62	-0.000682956	0.000533727	7.86903430009261
-8.6	-0.000681213	0.000531325	7.98117729998194
-8.58	-0.000679221	0.000529242	8.09311780007556
-8.56	-0.000676992	0.000526781	8.20495690009557
-8.54	-0.000675602	0.000525001	8.3169778001029
-8.52	-0.000673572	0.000523035	8.42894209991209
-8.5	-0.000671617	0.000520715	8.54091099998914
-8.48	-0.000669921	0.000518565	8.65295700007118
-8.46	-0.000668047	0.000516338	8.76487850002013
-8.44	-0.000666056	0.000514479	8.87698730011471
-8.42	-0.000664151	0.000512474	8.98889499995857
-8.4	-0.00066202	0.000510522	9.10088449995965
-8.38	-0.000660229	0.00050835	9.21310229995288
-8.36	-0.000658574	0.000506712	9.32493550004438
-8.34	-0.000656551	0.000504827	9.43715299991891
-8.32	-0.000655056	0.000502723	9.54897539992817
-8.3	-0.000653064	0.000500177	9.66100570000708
-8.28	-0.000651367	0.00049814	9.77287549991161
-8.26	-0.00064951	0.000496412	9.8849641000852
-8.24	-0.000647606	0.000494201	9.99679320002906
-8.22	-0.000645709	0.00049194	10.1088634999469
-8.2	-0.000643923	0.000489783	10.2207887000404
-8.18	-0.000642113	0.000487709	10.3327158999164
-8.16	-0.00064042	0.000485915	10.4450069000013
-8.14	-0.000638411	0.000483939	10.5567187000997
-8.12	-0.000636855	0.000481667	10.6687529999763
-8.1	-0.000635063	0.000479861	10.7807785000186
-8.08	-0.000633496	0.00047778	10.8928529000841
-8.06	-0.000631536	0.00047532	11.0047345999628
-8.04	-0.00062973	0.000473469	11.1167452998925
-8.02	-0.000628107	0.000471664	11.2288071999792
-8	-0.000626099	0.000469551	11.3407342999708
-7.98	-0.000624466	0.000467859	11.4528020001017
-7.96	-0.000622712	0.000466013	11.5647319999989
-7.94	-0.0006211	0.000463827	11.67698749993
-7.92	-0.000619126	0.000461943	11.7886367000174
-7.9	-0.000617852	0.000460044	11.900678700069
-7.88	-0.000615825	0.000458252	12.012701000087
-7.86	-0.000614088	0.000456325	12.1247386999894
-7.84	-0.00061243	0.000454445	12.2366349000949
-7.82	-0.000610823	0.000452501	12.3486407999881
-7.8	-0.000608719	0.000450526	12.4606616999954
-7.78	-0.000607067	0.000448104	12.5727655999362
-7.76	-0.000605551	0.000446243	12.6847290999722
-7.74	-0.000603723	0.000444334	12.7965931000654
-7.72	-0.000601907	0.000442912	12.9086813000031
-7.7	-0.000600193	0.000441002	13.0206490999553
-7.68	-0.000598784	0.000439067	13.1325477000792
-7.66	-0.000597126	0.000437014	13.244539400097
-7.64	-0.000595622	0.000435155	13.3566266999114
-7.62	-0.000593831	0.000433452	13.4688331000507
-7.6	-0.00059203	0.000431588	13.5805029999465
-7.58	-0.00059036	0.000429983	13.6925206000451
-7.56	-0.000588639	0.000427546	13.8045038001146
-7.54	-0.000587134	0.000426298	13.9166053000372
-7.52	-0.000585555	0.00042442	14.0286348999944
-7.5	-0.000583875	0.000422513	14.1405764000956
-7.48	-0.000582099	0.000420809	14.2524862000719
-7.46	-0.000580527	0.000418846	14.3645623000339
-7.44	-0.000578743	0.000416876	14.4764821000863
-7.42	-0.000577421	0.000415123	14.588430200005
-7.4	-0.00057542	0.000413516	14.7004668998998
-7.38	-0.00057397	0.000411537	14.8125442001037
-7.36	-0.000572263	0.000409648	14.924465799937
-7.34	-0.000570834	0.000408031	15.0363880998921
-7.32	-0.000569156	0.000406263	15.1484193000942
-7.3	-0.000567356	0.000404487	15.2604243999813
-7.28	-0.000565968	0.000402787	15.3724972000346
-7.26	-0.000564157	0.000400588	15.4844901999459
-7.24	-0.000562693	0.000399281	15.5965138999745
-7.22	-0.000561216	0.000397147	15.708527599927
-7.2	-0.000559598	0.000395476	15.8203038000502
-7.18	-0.000557621	0.000393759	15.9323849999346
-7.16	-0.000556284	0.000392043	16.0444829000626
-7.14	-0.000555017	0.000390105	16.1563343000598
-7.12	-0.000553459	0.000388382	16.2684212999884
-7.1	-0.000551685	0.000386883	16.3804321999196
-7.08	-0.000550449	0.000385342	16.4923159000464
-7.06	-0.000549054	0.000383751	16.6042371001095
-7.04	-0.000547182	0.00038189	16.7164781000465
-7.02	-0.000545722	0.000379667	16.828249800019
-7	-0.000543974	0.00037843	16.9402572999243
-6.98	-0.000542535	0.000376657	17.0523375999182
-6.96	-0.000540919	0.000374965	17.1642668999266
-6.94	-0.000539654	0.000373541	17.2762424999382
-6.92	-0.000537967	0.000371745	17.3884169000667
-6.9	-0.000536555	0.000370103	17.5002083000727
-6.88	-0.00053468	0.000368191	17.6122167001013
-6.86	-0.000533209	0.000366619	17.7243794999085
-6.84	-0.000531799	0.000364796	17.8361812001094
-6.82	-0.000530041	0.000363157	17.9481903000269
-6.8	-0.000528677	0.000361609	18.0605146000162
-6.78	-0.000527066	0.000359789	18.172192200087
-6.76	-0.000525798	0.000357979	18.2841984999832
-6.74	-0.000523748	0.00035627	18.3962592999451
-6.72	-0.000522555	0.000354975	18.5081950000022
-6.7	-0.000520744	0.000353138	18.6202227999456
-6.68	-0.000519385	0.000351669	18.7321587000042
-6.66	-0.000518239	0.000349709	18.8441486998927
-6.64	-0.000516605	0.000347898	18.9560769998934
-6.62	-0.000515536	0.000346627	19.0683625000529
-6.6	-0.000514052	0.000345089	19.1802584999241
-6.58	-0.000512595	0.000343441	19.2921267000493
-6.56	-0.0005109	0.00034185	19.4042259000707
-6.54	-0.000509441	0.000340214	19.5162812001072
-6.52	-0.000507975	0.000338352	19.6280062999576
-6.5	-0.000506653	0.000336433	19.7400817999151
-6.48	-0.000504872	0.000334928	19.852227400057
-6.46	-0.0005037	0.000333241	19.9640649000648
-6.44	-0.000502598	0.000331295	20.0759636999574
-6.42	-0.000500929	0.00033002	20.1880024999846
-6.4	-0.000499333	0.000328665	20.3000258000102
-6.38	-0.00049774	0.000327078	20.4119607999455
-6.36	-0.000496286	0.000325124	20.5240205000155
-6.34	-0.00049487	0.000323825	20.6360742000397
-6.32	-0.000493147	0.000322324	20.7480484000407
-6.3	-0.000492162	0.000320497	20.859967000084
-6.28	-0.000490397	0.000319172	20.9719650000334
-6.26	-0.000488946	0.000317225	21.0840300000273
-6.24	-0.000487513	0.000315856	21.1959206000902
-6.22	-0.0004863	0.000314572	21.3081141000148
-6.2	-0.000484705	0.000312958	21.4200742000248
-6.18	-0.000483457	0.00031149	21.5319433000404
-6.16	-0.000481828	0.000309889	21.6438831998967
-6.14	-0.000480557	0.000308369	21.7558756000362
-6.12	-0.000479292	0.000306887	21.8677944999654
-6.1	-0.000477736	0.000304842	21.9798518999014
-6.08	-0.00047628	0.000303437	22.0918107999023
-6.06	-0.00047488	0.000302022	22.2043111999519
-6.04	-0.000473584	0.0003005	22.3159197000787
-6.02	-0.000472092	0.000298925	22.4278810999822
-6	-0.00047064	0.000297297	22.5399023001082
-5.98	-0.000469563	0.000295817	22.6518685999326
-5.96	-0.000467873	0.000294282	22.7637626000214
-5.94	-0.000466631	0.000292685	22.8758680999745
-5.92	-0.000465141	0.000291289	22.9879495000932
-5.9	-0.000463828	0.000289584	23.0997266999912
-5.88	-0.000462926	0.000287449	23.211816099938
-5.86	-0.000461107	0.000285828	23.3238955000415
-5.84	-0.000459699	0.000284409	23.4357074999716
-5.82	-0.000458079	0.000283298	23.5477867000736
-5.8	-0.000456899	0.000281898	23.6598978999536
-5.78	-0.000455448	0.000280487	23.7719030000735
-5.76	-0.000454463	0.000279131	23.8837447001133
-5.74	-0.000453075	0.000277572	23.9957123999484
-5.72	-0.000451808	0.000276039	24.1078282999806
-5.7	-0.000450027	0.000274433	24.2197189999279
-5.68	-0.000448697	0.000273279	24.331624600105
-5.66	-0.000447387	0.000271818	24.4437573000323
-5.64	-0.000446035	0.000270453	24.5557333999313
-5.62	-0.000444422	0.000268883	24.6677490998991
-5.6	-0.000443487	0.000267218	24.779895799933
-5.58	-0.000442078	0.000265831	24.8916511998978
-5.56	-0.000440487	0.000264577	25.0035918999929
-5.54	-0.000439307	0.000263129	25.1158503999468
-5.52	-0.000437887	0.000261471	25.2276079000439
-5.5	-0.000436348	0.00026009	25.3397574000992
-5.48	-0.000434989	0.000258649	25.4515915000811
-5.46	-0.000433799	0.000257273	25.5635530999862
-5.44	-0.000432263	0.000256049	25.6757132001221
-5.42	-0.000431172	0.000254346	25.7877084000502
-5.4	-0.000430125	0.000253204	25.8996117000934
-5.38	-0.000428485	0.000251653	26.0115225999616
-5.36	-0.000427457	0.000250005	26.1236592999194
-5.34	-0.000425926	0.000248506	26.2355307000689
-5.32	-0.00042462	0.000247134	26.3475627999287
-5.3	-0.000423313	0.00024617	26.4596520001069
-5.28	-0.000422393	0.000244781	26.5717227000277
-5.26	-0.000420656	0.000243366	26.6835527999792
-5.24	-0.000419567	0.000241614	26.7956705000252
-5.22	-0.000418126	0.000240316	26.9075380000286
-5.2	-0.000417025	0.000239112	27.0195341000799
-5.18	-0.000415413	0.000237822	27.1315790000372
-5.16	-0.000414218	0.000236496	27.2436212999746
-5.14	-0.000413453	0.000234223	27.3554998999462
-5.12	-0.000411618	0.000232879	27.4674792999867
-5.1	-0.000410473	0.000231187	27.5794750999194
-5.08	-0.000409131	0.000229769	27.6915132000577
-5.06	-0.000408191	0.000228503	27.8034763000906
-5.04	-0.000406819	0.000227307	27.9154342000838
-5.02	-0.000405703	0.000225741	28.0274467000272
-5	-0.000404277	0.000224222	28.1396012001205
-4.98	-0.000402889	0.000223007	28.251399599947
-4.96	-0.000401521	0.00022155	28.3633367998991
-4.94	-0.000400445	0.000219575	28.4754166000057
-4.92	-0.000398962	0.000218415	28.5873602998909
-4.9	-0.000397699	0.000217009	28.6993253000546
-4.88	-0.000396653	0.000215607	28.8114533999469
-4.86	-0.000395165	0.000214715	28.9234249000438
-4.84	-0.000393988	0.000213729	29.0353975000326
-4.82	-0.000393227	0.000212245	29.1473968999926
-4.8	-0.0003915	0.000210974	29.2592710999306
-4.78	-0.000390372	0.000209697	29.3714858000167
-4.76	-0.000388723	0.000208107	29.4833895000629
-4.74	-0.000387695	0.000206703	29.5952822000254
-4.72	-0.00038642	0.000205467	29.7073663000483
-4.7	-0.000384732	0.000204853	29.8193564000539
-4.68	-0.000384014	0.000203195	29.9312706000637
-4.66	-0.00038305	0.000201862	30.0433209999464
-4.64	-0.000381378	0.000200595	30.1553128000814
-4.62	-0.000380373	0.000199203	30.2672580000944
-4.6	-0.000378931	0.000197637	30.3793862999883
-4.58	-0.000377916	0.00019658	30.4912316999398
-4.56	-0.000376591	0.000195287	30.6031474000774
-4.54	-0.000375255	0.000193698	30.7152442000806
-4.52	-0.000374055	0.000192549	30.8272106000222
-4.5	-0.000372976	0.00019056	30.939145399956
-4.48	-0.000372105	0.000189348	31.0512115000747
-4.46	-0.000370586	0.00018818	31.1633788000327
-4.44	-0.000369117	0.000186687	31.2753250999376
-4.42	-0.000368214	0.000185341	31.3872597999871
-4.4	-0.000366957	0.000184286	31.4992307000794
-4.38	-0.000365591	0.000182942	31.6111173001118
-4.36	-0.000364464	0.000181708	31.7230638999026
-4.34	-0.000363484	0.000180094	31.8351660999469
-4.32	-0.000362008	0.00017882	31.9472588999197
-4.3	-0.000361002	0.000178121	32.0590609998908
-4.28	-0.000359849	0.000176313	32.1712211999111
-4.26	-0.00035866	0.00017527	32.2831763001159
-4.24	-0.000357477	0.000174077	32.395092099905
-4.22	-0.000355751	0.000172571	32.5070847000461
-4.2	-0.000354661	0.000171177	32.6192938999739
-4.18	-0.00035352	0.000169988	32.7310168999247
-4.16	-0.00035231	0.000168981	32.8430425000843
-4.14	-0.000350819	0.000167639	32.9550179000944
-4.12	-0.000349815	0.000166447	33.0670574000105
-4.1	-0.000348894	0.000165066	33.1790197000373
-4.08	-0.000347968	0.000163552	33.2910974998958
-4.06	-0.000346575	0.000162353	33.4031994000543
-4.04	-0.000344993	0.000161226	33.5150870999787
-4.02	-0.000343965	0.000160094	33.6270069999155
-4	-0.000343188	0.00015842	33.7389332000166
-3.98	-0.000342004	0.000157866	33.8510904998984
-3.96	-0.000340508	0.000156565	33.9629478999414
-3.94	-0.000339476	0.000155644	34.0749321999028
-3.92	-0.000338316	0.00015416	34.1870577000082
-3.9	-0.000337119	0.000152663	34.2989278000314
-3.88	-0.000336138	0.000151099	34.4115029999521
-3.86	-0.000334879	0.000149872	34.5229235999286
-3.84	-0.0003339	0.000149304	34.6348800999112
-3.82	-0.000332686	0.000148058	34.7468890999444
-3.8	-0.000331296	0.000146732	34.8588930000551
-3.78	-0.000330235	0.000145555	34.970897299936
-3.76	-0.000329146	0.000143974	35.0828621999826
-3.74	-0.000327838	0.000142903	35.1950399999041
-3.72	-0.00032685	0.00014161	35.3069392999168
-3.7	-0.000325398	0.000140463	35.4188365999144
-3.68	-0.000324402	0.000139032	35.5309526000638
-3.66	-0.00032307	0.000138166	35.6429701000452
-3.64	-0.000322063	0.000136901	35.7549501000904
-3.62	-0.000320921	0.000135886	35.8667540999595
-3.6	-0.00031996	0.00013444	35.9788275000174
-3.58	-0.000318542	0.00013349	36.0909865999129
-3.56	-0.000317594	0.000131932	36.202879199991
-3.54	-0.000316357	0.000130351	36.3147889000829
-3.52	-0.000315565	0.000128842	36.4268598000053
-3.5	-0.000314162	0.000127792	36.5388325999957
-3.48	-0.000312851	0.000126633	36.6508818001021
-3.46	-0.000311641	0.000125382	36.7627689999063
-3.44	-0.000310512	0.000124231	36.8748061000369
-3.42	-0.000309828	0.000123026	36.9867070999462
-3.4	-0.000308319	0.000121994	37.0987740999553
-3.38	-0.000307027	0.000120904	37.2108159000054
-3.36	-0.000306138	0.000119721	37.3227057000622
-3.34	-0.000304946	0.000118534	37.4346487000585
-3.32	-0.00030383	0.000117656	37.5468276999891
-3.3	-0.000302668	0.000115988	37.658575499896
-3.28	-0.000301499	0.000114479	37.7705810000189
-3.26	-0.000300576	0.000113504	37.882745299954
-3.24	-0.000299239	0.00011223	37.9946413999423
-3.22	-0.000298119	0.000110964	38.1066175999586
-3.2	-0.000296984	0.000109898	38.2186368999537
-3.18	-0.000295914	0.000108985	38.3306567000691
-3.16	-0.000294983	0.000107803	38.4425908999983
-3.14	-0.000293897	0.000106217	38.5545675000176
-3.12	-0.000292963	0.000105368	38.6667687001172
-3.1	-0.000291695	0.000104229	38.7785748001188
-3.08	-0.000290759	0.000103116	38.8905931001063
-3.06	-0.000289771	0.000101689	39.0026543000713
-3.04	-0.000288547	0.000100545	39.114763099933
-3.02	-0.000287241	9.92405e-05	39.226546900114
-3	-0.000285998	9.83193e-05	39.3384650999215
-2.98	-0.000285156	9.73398e-05	39.4505044999532
-2.96	-0.000283778	9.59573e-05	39.5625662999228
-2.94	-0.00028292	9.49948e-05	39.6745025001001
-2.92	-0.000281978	9.38152e-05	39.7865263000131
-2.9	-0.000280385	9.23821e-05	39.8985069999471
-2.88	-0.000279304	9.11799e-05	40.0104648000561
-2.86	-0.000278367	9.00712e-05	40.1231941001024
-2.84	-0.000277263	8.92253e-05	40.2344450000674
-2.82	-0.000276248	8.78873e-05	40.3464794999454
-2.8	-0.000275389	8.66862e-05	40.4585959999822
-2.78	-0.000274304	8.58364e-05	40.5705798000563
-2.76	-0.000273398	8.47227e-05	40.6824280999135
-2.74	-0.000272065	8.32543e-05	40.7943740000483
-2.72	-0.000270992	8.21348e-05	40.9064821999054
-2.7	-0.000270138	8.12274e-05	41.0183981000446
-2.68	-0.000268707	7.98679e-05	41.1304399000946
-2.66	-0.000268057	7.8864e-05	41.2424667000305
-2.64	-0.000266892	7.75422e-05	41.3544362999965
-2.62	-0.000265642	7.66144e-05	41.4663992999122
-2.6	-0.000264685	7.56421e-05	41.5785878999159
-2.58	-0.000263492	7.42655e-05	41.6903262000997
-2.56	-0.000262373	7.31846e-05	41.8023912999779
-2.54	-0.000261165	7.18776e-05	41.914618199924
-2.52	-0.000260256	7.06966e-05	42.02639429993
-2.5	-0.000259349	6.99644e-05	42.1384157000575
-2.48	-0.000258202	6.90529e-05	42.2502872000914
-2.46	-0.000256959	6.76034e-05	42.3624001001008
-2.44	-0.000256105	6.65366e-05	42.4742101999
-2.42	-0.000254904	6.56795e-05	42.5863016999792
-2.4	-0.000253951	6.42531e-05	42.6984510999173
-2.38	-0.000252809	6.32325e-05	42.8102655999828
-2.36	-0.000251827	6.21391e-05	42.9222434998956
-2.34	-0.000250751	6.08426e-05	43.0342035000212
-2.32	-0.00024945	6.02161e-05	43.1462683000136
-2.3	-0.000248683	5.89752e-05	43.2581831999123
-2.28	-0.000247369	5.77514e-05	43.3701009999495
-2.26	-0.000246431	5.63828e-05	43.4822990000248
-2.24	-0.000245649	5.55112e-05	43.5941822000314
-2.22	-0.000244601	5.4525e-05	43.7061371000018
-2.2	-0.00024338	5.33235e-05	43.8182741000783
-2.18	-0.000242337	5.1917e-05	43.9302270000335
-2.16	-0.000241305	5.11996e-05	44.0422759999055
-2.14	-0.000240108	5.01096e-05	44.1543237001169
-2.12	-0.00023933	4.8935e-05	44.2661373000592
-2.1	-0.000238095	4.77627e-05	44.378139300039
-2.08	-0.000237028	4.6463e-05	44.4902637000196
-2.06	-0.000236122	4.55545e-05	44.6021596000064
-2.04	-0.000235316	4.49493e-05	44.7140804000665
-2.02	-0.000234075	4.34933e-05	44.826359000057
-2	-0.000233127	4.24927e-05	44.9380038999952
-1.98	-0.000232109	4.12136e-05	45.0500568998978
-1.96	-0.000231107	4.00229e-05	45.1621050001122
-1.94	-0.000230198	3.90609e-05	45.2742202000227
-1.92	-0.00022907	3.80983e-05	45.3863111999817
-1.9	-0.000227914	3.71647e-05	45.498168699909
-1.88	-0.000227033	3.60061e-05	45.6100455000997
-1.86	-0.000225916	3.50477e-05	45.7221198999323
-1.84	-0.000224925	3.36147e-05	45.8342188000679
-1.82	-0.000223607	3.25818e-05	45.9461499000899
-1.8	-0.000222812	3.15406e-05	46.0579844000749
-1.78	-0.000221657	3.03818e-05	46.1699890999589
-1.76	-0.000221073	2.96313e-05	46.282146200072
-1.74	-0.000220099	2.85424e-05	46.3940789999906
-1.72	-0.000218937	2.79053e-05	46.5060644999612
-1.7	-0.000218131	2.66149e-05	46.6181340999901
-1.68	-0.000217079	2.53844e-05	46.730015899986
-1.66	-0.000216088	2.43203e-05	46.8419963999186
-1.64	-0.000214923	2.36771e-05	46.9539417999331
-1.62	-0.000213846	2.28459e-05	47.0660602001008
-1.6	-0.000213064	2.20016e-05	47.1779153998941
-1.58	-0.000212076	2.04718e-05	47.289891900029
-1.56	-0.000210717	1.94126e-05	47.4020030999091
-1.54	-0.000209948	1.79856e-05	47.5139965000562
-1.52	-0.00020862	1.68793e-05	47.6259953000117
-1.5	-0.000207582	1.58445e-05	47.737877199892
-1.48	-0.000206881	1.48004e-05	47.8498327000998
-1.46	-0.000205622	1.37498e-05	47.9617784000002
-1.44	-0.000204872	1.24616e-05	48.0738448000047
-1.42	-0.000203789	1.1921e-05	48.1858518000226
-1.4	-0.000202693	1.0393e-05	48.2977972999215
-1.38	-0.000202154	9.83952e-06	48.4099216000177
-1.36	-0.000200877	8.35199e-06	48.5218295999803
-1.34	-0.000200058	7.2648e-06	48.6337524999399
-1.32	-0.000199199	6.30606e-06	48.7457391000353
-1.3	-0.000198061	5.27037e-06	48.8577010999434
-1.28	-0.000197126	4.28293e-06	48.9698348001111
-1.26	-0.00019624	3.1039e-06	49.0817670000251
-1.24	-0.000195166	2.00187e-06	49.1937426000368
-1.22	-0.000193844	1.11082e-06	49.3058013999835
-1.2	-0.000192918	3.89621e-07	49.4178559998982
-1.18	-0.000192017	-6.14718e-07	49.5297222000081
-1.16	-0.000190934	-2.09756e-06	49.6416927000973
-1.14	-0.00018979	-2.85848e-06	49.7537642999087
-1.12	-0.000189124	-3.71932e-06	49.8657110000495
-1.1	-0.00018791	-4.7685e-06	49.9779296999332
-1.08	-0.000186993	-5.80063e-06	50.0895104000811
-1.06	-0.000186069	-6.91973e-06	50.2018480000552
-1.04	-0.000185268	-7.72923e-06	50.3136142999865
-1.02	-0.000184267	-9.22896e-06	50.4257384000812
-1	-0.000183335	-9.75703e-06	50.5377458001021
-0.98	-0.000182377	-1.06933e-05	50.6496655999217
-0.959999999999999	-0.000181348	-1.20565e-05	50.761722400086
-0.94	-0.000180453	-1.29758e-05	50.8736851001158
-0.92	-0.000179367	-1.38553e-05	50.985581099987
-0.9	-0.000178459	-1.47026e-05	51.0977314999327
-0.879999999999999	-0.000177617	-1.59128e-05	51.2095933998935
-0.859999999999999	-0.000176272	-1.69346e-05	51.3216065000743
-0.84	-0.000175515	-1.79004e-05	51.4336172000039
-0.82	-0.000174265	-1.90874e-05	51.5456652999856
-0.799999999999999	-0.00017353	-1.97017e-05	51.6575907000806
-0.779999999999999	-0.000172708	-2.10421e-05	51.7694701000582
-0.76	-0.000171722	-2.19598e-05	51.8816253000405
-0.74	-0.00017081	-2.26499e-05	51.9934636000544
-0.720000000000001	-0.000169219	-2.42284e-05	52.1056762998924
-0.699999999999999	-0.000168307	-2.50755e-05	52.2175141000189
-0.68	-0.000167619	-2.57166e-05	52.3294265998993
-0.66	-0.000167416	-2.65211e-05	52.4415378000122
-0.640000000000001	-0.000165962	-2.7492e-05	52.5534868999384
-0.619999999999999	-0.00016499	-2.90255e-05	52.6654314000625
-0.6	-0.000164174	-2.99104e-05	52.7776627999265
-0.58	-0.000162985	-3.10471e-05	52.8895229999907
-0.56	-0.000162163	-3.21515e-05	53.0014545999002
-0.539999999999999	-0.000161284	-3.24449e-05	53.1134627000429
-0.52	-0.000160008	-3.33046e-05	53.2253882000223
-0.5	-0.000158856	-3.4153e-05	53.3374471999705
-0.48	-0.000158433	-3.51588e-05	53.4494292999152
-0.459999999999999	-0.000157014	-3.61686e-05	53.5613784999587
-0.44	-0.000156073	-3.68956e-05	53.6733937999234
-0.42	-0.000155483	-3.78256e-05	53.7853580999654
-0.4	-0.00015416	-3.88453e-05	53.8973226000089
-0.379999999999999	-0.000153549	-4.00035e-05	54.0093733000103
-0.359999999999999	-0.00015277	-4.08968e-05	54.1214785000775
-0.34	-0.000152004	-4.18817e-05	54.2333943999838
-0.32	-0.000150635	-4.28069e-05	54.3455153999384
-0.299999999999999	-0.00014981	-4.36416e-05	54.4573007998988
-0.279999999999999	-0.000148955	-4.46718e-05	54.5693232999183
-0.26	-0.000147939	-4.56679e-05	54.6814876999706
-0.24	-0.00014705	-4.6409e-05	54.7933223000728
-0.220000000000001	-0.000146348	-4.7589e-05	54.9053863999434
-0.199999999999999	-0.000145533	-4.8177e-05	55.0173074000049
-0.18	-0.00014459	-4.94379e-05	55.1295459999237
-0.16	-0.000143502	-5.03919e-05	55.2413091999479
-0.140000000000001	-0.000142649	-5.13626e-05	55.3532567999791
-0.119999999999999	-0.000141655	-5.23707e-05	55.4654125999659
-0.0999999999999996	-0.000140713	-5.36202e-05	55.5774421999231
-0.0800000000000001	-0.000139553	-5.44309e-05	55.6893547000363
-0.0600000000000005	-0.000138944	-5.56399e-05	55.8013587000314
-0.0399999999999991	-0.000137987	-5.68211e-05	55.9132908999454
-0.0199999999999996	-0.000137	-5.79725e-05	56.0252908000257
0	-0.000135663	-5.90157e-05	56.1374820999335
0.0199999999999996	-0.00013531	-6.00865e-05	56.2493449000176
0.0400000000000009	-0.000134126	-6.07689e-05	56.3611663000192
0.0600000000000005	-0.000133079	-6.12649e-05	56.473263700027
0.0800000000000001	-0.000132183	-6.20858e-05	56.5851743998937
0.0999999999999996	-0.000131121	-6.32998e-05	56.6971241999418
0.120000000000001	-0.000130308	-6.40668e-05	56.8092972000595
0.140000000000001	-0.00012919	-6.49414e-05	56.9212968000211
0.16	-0.000128195	-6.5787e-05	57.0330753000453
0.18	-0.000127498	-6.68467e-05	57.1451950999908
0.200000000000001	-0.000127226	-6.77029e-05	57.2572417999618
0.220000000000001	-0.000125671	-6.87264e-05	57.3690118000377
0.24	-0.000124643	-6.94576e-05	57.481318499893
0.26	-0.000123672	-7.05525e-05	57.5931603000499
0.279999999999999	-0.000122763	-7.14378e-05	57.7050828000065
0.300000000000001	-0.000122007	-7.22605e-05	57.8171232999302
0.32	-0.000121235	-7.35283e-05	57.9291393000167
0.34	-0.000120128	-7.4201e-05	58.0410565999337
0.359999999999999	-0.000119265	-7.54098e-05	58.1530456999317
0.380000000000001	-0.000118324	-7.60617e-05	58.2650941999163
0.4	-0.000117279	-7.71115e-05	58.3770179999992
0.42	-0.000116448	-7.82099e-05	58.4890854000114
0.44	-0.000115758	-7.9056e-05	58.6011175999884
0.460000000000001	-0.000114979	-8.00246e-05	58.7131648999639
0.48	-0.000114078	-8.06176e-05	58.8250237999018
0.5	-0.000113091	-8.18371e-05	58.9372115998995
0.52	-0.000112152	-8.26012e-05	59.0491834999993
0.540000000000001	-0.000111335	-8.37688e-05	59.1610028001014
0.56	-0.000110275	-8.47394e-05	59.2731212000363
0.58	-0.000109655	-8.63891e-05	59.3851381000131
0.6	-0.000108647	-8.66933e-05	59.4971998999827
0.620000000000001	-0.000107813	-8.7441e-05	59.6089528999291
0.640000000000001	-0.000106936	-8.8488e-05	59.720949599985
0.66	-0.000105926	-8.93881e-05	59.8330840000417
0.68	-0.000104847	-9.04529e-05	59.9450215999968
0.700000000000001	-0.000104148	-9.14641e-05	60.0569243999198
0.720000000000001	-0.00010304	-9.22965e-05	60.1690889999736
0.74	-0.000102308	-9.29449e-05	60.280964900041
0.76	-0.00010116	-9.39661e-05	60.3928324000444
0.779999999999999	-0.00010057	-9.47673e-05	60.5049330000766
0.800000000000001	-9.93796e-05	-9.58308e-05	60.6169050000608
0.82	-9.88815e-05	-9.66852e-05	60.728858999908
0.84	-9.7541e-05	-9.76447e-05	60.8410179000348
0.859999999999999	-9.67111e-05	-9.82932e-05	60.9529411001131
0.880000000000001	-9.60236e-05	-9.9483e-05	61.0648556998931
0.9	-9.5208e-05	-0.00010033	61.1768539999612
0.92	-9.44671e-05	-0.000101104	61.2889092001133
0.94	-9.32038e-05	-0.000101907	61.4009016999044
0.960000000000001	-9.23387e-05	-0.000102853	61.5127906000707
0.98	-9.13704e-05	-0.000104266	61.6247769999318
1	-9.07917e-05	-0.000105257	61.7368109999225
1.02	-8.99485e-05	-0.000105813	61.8487788001075
1.04	-8.92397e-05	-0.000106725	61.9608464001212
1.06	-8.81613e-05	-0.000107764	62.0728472000919
1.08	-8.74384e-05	-0.000108609	62.1847357000224
1.1	-8.63573e-05	-0.000109586	62.2967912999447
1.12	-8.52585e-05	-0.000110548	62.4087682000827
1.14	-8.45138e-05	-0.000111405	62.5208026000764
1.16	-8.37409e-05	-0.000112065	62.6327500001062
1.18	-8.27473e-05	-0.000113114	62.7447556999978
1.2	-8.17639e-05	-0.000114182	62.8567540000658
1.22	-8.09534e-05	-0.000114759	62.9686736001167
1.24	-8.04113e-05	-0.00011578	63.0807034999598
1.26	-7.94273e-05	-0.00011695	63.1928495001048
1.28	-7.8263e-05	-0.000117403	63.304649299942
1.3	-7.73277e-05	-0.000118126	63.4166500999127
1.32	-7.64813e-05	-0.00011917	63.5287341000512
1.34	-7.53605e-05	-0.000120006	63.640648700064
1.36	-7.46136e-05	-0.000121517	63.7525979999918
1.38	-7.3839e-05	-0.000122092	63.8648647998925
1.4	-7.33094e-05	-0.000123024	63.9766758999322
1.42	-7.23721e-05	-0.000123581	64.0885703999083
1.44	-7.14305e-05	-0.000124443	64.2005880998913
1.46	-7.04787e-05	-0.00012571	64.3127305000089
1.48	-6.99055e-05	-0.000126664	64.4246827000752
1.5	-6.89308e-05	-0.000127208	64.5366623001173
1.52	-6.80389e-05	-0.000128073	64.6486708000302
1.54	-6.71853e-05	-0.000128987	64.7605536000337
1.56	-6.62409e-05	-0.000129767	64.8726502000354
1.58	-6.55126e-05	-0.000130717	64.984530299902
1.6	-6.48794e-05	-0.000131775	65.0965517999139
1.62	-6.38432e-05	-0.000132674	65.2086221999489
1.64	-6.28224e-05	-0.000133765	65.3205107999966
1.66	-6.22747e-05	-0.000134438	65.4325190999079
1.68	-6.12782e-05	-0.000135277	65.5445292999502
1.7	-6.03337e-05	-0.000136226	65.6566635000054
1.72	-5.9562e-05	-0.000136742	65.768427999923
1.74	-5.86066e-05	-0.000137758	65.8805774999782
1.76	-5.82452e-05	-0.000138832	65.992457699962
1.78	-5.72969e-05	-0.000139638	66.104460200062
1.8	-5.61539e-05	-0.000140651	66.2167096999474
1.82	-5.52096e-05	-0.000141437	66.3284895000979
1.84	-5.44144e-05	-0.0001422	66.4404345999938
1.86	-5.36135e-05	-0.000143194	66.5523798000067
1.88	-5.27404e-05	-0.000143858	66.6643447999377
1.9	-5.22553e-05	-0.000144995	66.7764274999499
1.92	-5.12434e-05	-0.000146001	66.8883088999428
1.94	-5.01615e-05	-0.000146632	67.0002858999651
1.96	-4.96781e-05	-0.000147722	67.1125133999158
1.98	-4.86185e-05	-0.000148536	67.2244071001187
2	-4.79221e-05	-0.000149829	67.3362680000719
2.02	-4.68004e-05	-0.000150056	67.4483692999929
2.04	-4.47113e-05	-0.000151034	67.5603513000533
2.06	-4.40491e-05	-0.000151727	67.6722595999017
2.08	-4.30896e-05	-0.000152797	67.7844738001004
2.1	-4.20431e-05	-0.000153606	67.8963506999426
2.12	-4.14001e-05	-0.000154606	68.0082592000253
2.14	-4.08127e-05	-0.000155657	68.1203282000497
2.16	-3.98283e-05	-0.000156186	68.2323475999292
2.18	-3.91412e-05	-0.00015727	68.3443851999473
2.2	-3.79693e-05	-0.000158048	68.456294399919
2.22	-3.72532e-05	-0.000158839	68.5684140000958
2.24	-3.63901e-05	-0.000159836	68.6802592999302
2.26	-3.53889e-05	-0.0001605	68.7923254000489
2.28	-3.43573e-05	-0.000161427	68.9044987000525
2.3	-3.37969e-05	-0.000162376	69.0162289000582
2.32	-3.29304e-05	-0.000163155	69.1281844000332
2.34	-3.2132e-05	-0.000163451	69.2401866000146
2.36	-3.12432e-05	-0.00016441	69.3522936000954
2.38	-3.07635e-05	-0.00016527	69.4641998999286
2.4	-2.9892e-05	-0.000166002	69.5761988000013
2.42	-2.87604e-05	-0.000166855	69.6883314999286
2.44	-2.8044e-05	-0.000168148	69.8001961999107
2.46	-2.71147e-05	-0.000168692	69.9124102999922
2.48	-2.63579e-05	-0.000169318	70.0242232000455
2.5	-2.52499e-05	-0.000170487	70.1360794000793
2.52	-2.43567e-05	-0.000171263	70.2481281999499
2.54	-2.36989e-05	-0.00017142	70.3600804000162
2.56	-2.28571e-05	-0.000171821	70.4721101999748
2.58	-2.20861e-05	-0.000172963	70.5842432000209
2.6	-2.14631e-05	-0.000173849	70.6960338999052
2.62	-2.03822e-05	-0.000174618	70.8081642999314
2.64	-1.95985e-05	-0.000175288	70.9200091001112
2.66	-1.90837e-05	-0.000176201	71.0320423000958
2.68	-1.79393e-05	-0.000176946	71.1440351000056
2.7	-1.72152e-05	-0.000177619	71.2561741000973
2.72	-1.6508e-05	-0.000178435	71.3681932999752
2.74	-1.58596e-05	-0.000179183	71.4800187000073
2.76	-1.49357e-05	-0.000180444	71.592065300094
2.78	-1.40119e-05	-0.000180731	71.7041317000985
2.8	-1.30309e-05	-0.000182052	71.8159592999145
2.82	-1.25499e-05	-0.000182978	71.9279302000068
2.84	-1.165e-05	-0.000183934	72.0401701999363
2.86	-1.06792e-05	-0.000184524	72.1521195000969
2.88	-9.95922e-06	-0.000185592	72.2639381999616
2.9	-9.12836e-06	-0.000186951	72.3760869998951
2.92	-8.37203e-06	-0.00018778	72.4880007999018
2.94	-6.83758e-06	-0.000188841	72.5999161999207
2.96	-6.68708e-06	-0.000189373	72.7119334000163
2.98	-5.83397e-06	-0.000190358	72.8240296998993
3	-4.78328e-06	-0.000190989	72.9359830999747
3.02	-3.80493e-06	-0.000191545	73.047917699907
3.04	-3.25268e-06	-0.000192399	73.159828600008
3.06	-1.99726e-06	-0.000193109	73.2718563000672
3.08	-1.6561e-06	-0.000194018	73.3839936999138
3.1	-6.33032e-07	-0.00019476	73.4958448000252
3.12	2.39791e-07	-0.000195606	73.6079577999189
3.14	1.11101e-06	-0.000196314	73.7199560001027
3.16	1.65853e-06	-0.000197308	73.8318157999311
3.18	2.36953e-06	-0.000198788	73.9438744999934
3.2	3.01205e-06	-0.000199153	74.0558726999443
3.22	3.99266e-06	-0.000199715	74.1679374999367
3.24	4.69062e-06	-0.000200644	74.2798295998946
3.26	5.91034e-06	-0.000201224	74.3920388999395
3.28	6.56295e-06	-0.000202138	74.5038807999808
3.3	7.32832e-06	-0.000203326	74.6157668000087
3.32	8.04237e-06	-0.000203616	74.7277583999094
3.34	9.23284e-06	-0.000204726	74.8397355999332
3.36	9.76157e-06	-0.000205326	74.951735700015
3.38	1.03942e-05	-0.000206132	75.0637115000281
3.4	1.11135e-05	-0.000207135	75.1758469999768
3.42	1.21895e-05	-0.00020778	75.2877344000153
3.44	1.27119e-05	-0.000208813	75.3996713000815
3.46	1.38053e-05	-0.000209675	75.5117196000647
3.48	1.4611e-05	-0.000210409	75.6237391000614
3.5	1.53912e-05	-0.000211021	75.7356930000242
3.52	1.61421e-05	-0.000212142	75.8477801999543
3.54	1.70617e-05	-0.000213001	75.9597169999033
3.56	1.77375e-05	-0.000213453	76.0716260999907
3.58	1.90956e-05	-0.000214308	76.1836620999966
3.6	1.99453e-05	-0.000214939	76.295579199912
3.62	2.06539e-05	-0.000215843	76.4076557999942
3.64	2.1596e-05	-0.000216482	76.5195752000436
3.66	2.2286e-05	-0.0002175	76.6315842000768
3.68	2.30671e-05	-0.000218402	76.7437332998961
3.7	2.4333e-05	-0.0002187	76.8555777999572
3.72	2.39256e-05	-0.000220223	76.9676030001137
3.74	2.50695e-05	-0.000220721	77.0797009998932
3.76	2.56729e-05	-0.000221581	77.1915102999192
3.78	2.62772e-05	-0.000222361	77.3035095001105
3.8	2.72693e-05	-0.000223169	77.415596799925
3.82	2.79794e-05	-0.000224008	77.5276468999218
3.84	2.91237e-05	-0.000224709	77.6395221001003
3.86	2.97938e-05	-0.000225668	77.7515803000424
3.88	3.06497e-05	-0.000226527	77.8636068999767
3.9	3.14076e-05	-0.000227766	77.9755991001148
3.92	3.23211e-05	-0.000228149	78.0874811001122
3.94	3.29187e-05	-0.000228606	78.199555600062
3.96	3.36977e-05	-0.000229637	78.3116770000197
3.98	3.43445e-05	-0.000230425	78.4235338999424
4	3.5191e-05	-0.000230959	78.5354695999995
4.02	3.57451e-05	-0.000231698	78.6474943999201
4.04	3.66857e-05	-0.000233235	78.759456000058
4.06	3.79438e-05	-0.000234066	78.871596599929
4.08	3.842e-05	-0.000233835	78.983574999962
4.1	3.92034e-05	-0.00023479	79.0955850000028
4.12	4.01888e-05	-0.000235506	79.2075839999598
4.14	4.08553e-05	-0.000236341	79.3194651999511
4.16	4.17112e-05	-0.000237216	79.4313698001206
4.18	4.23947e-05	-0.000237529	79.5434055998921
4.2	4.32361e-05	-0.000238531	79.6554775999393
4.22	4.39517e-05	-0.000239211	79.7672212999314
4.24	4.4577e-05	-0.000240071	79.8794102999382
4.26	4.54588e-05	-0.000241217	79.9913610999938
4.28	4.61907e-05	-0.000242052	80.1032980999444
4.3	4.70054e-05	-0.000242505	80.21544239996
4.32	4.79626e-05	-0.000243525	80.327334899921
4.34	4.84554e-05	-0.000244316	80.4393192999996
4.36	4.90094e-05	-0.000245153	80.5512471999973
4.38	5.00339e-05	-0.000245741	80.6633476999123
4.4	5.10122e-05	-0.00024666	80.7752716001123
4.42	5.15735e-05	-0.000247322	80.8871098000091
4.44	5.22325e-05	-0.000248152	80.9992669001222
4.46	5.32301e-05	-0.000249294	81.1112941999454
4.48	5.41496e-05	-0.000249943	81.2232725999784
4.5	5.47732e-05	-0.000250661	81.3352079999167
4.52	5.55883e-05	-0.000251444	81.4473993000574
4.54	5.63394e-05	-0.000252285	81.5592445000075
4.56	5.68363e-05	-0.000253	81.6711631000508
4.58	5.80357e-05	-0.000253586	81.7831468000077
4.6	5.89101e-05	-0.00025466	81.8950143998954
4.62	5.94862e-05	-0.000255041	82.0071183999535
4.64	6.0264e-05	-0.000255622	82.1192850999068
4.66	6.11698e-05	-0.000256994	82.2311338
4.68	6.16802e-05	-0.000257078	82.3432070000563
4.7	6.21123e-05	-0.000257996	82.4552436000668
4.72	6.32246e-05	-0.000258708	82.5671188000124
4.74	6.40442e-05	-0.000259448	82.6790958000347
4.76	6.46604e-05	-0.000260437	82.7911344999447
4.78	6.55288e-05	-0.000260842	82.9034462999552
4.8	6.58642e-05	-0.000261912	83.0151762000751
4.82	6.68936e-05	-0.000262565	83.1271508999635
4.84	6.76507e-05	-0.000263865	83.2391917000059
4.86	6.84219e-05	-0.000264331	83.3511912999675
4.88	6.93154e-05	-0.000264885	83.463233999908
4.9	6.99166e-05	-0.000265587	83.5751261000987
4.92	7.08261e-05	-0.00026669	83.6871086000465
4.94	7.16114e-05	-0.00026746	83.7990540999454
4.96	7.22624e-05	-0.00026824	83.9111979999579
4.98	7.34086e-05	-0.000269125	84.0231051999144
5	7.4024e-05	-0.000269938	84.1349571999162
5.02	7.4891e-05	-0.000269993	84.2470994000323
5.04	7.55089e-05	-0.000270956	84.3590464999434
5.06	7.62933e-05	-0.000271524	84.4709570999257
5.08	7.68057e-05	-0.000272395	84.5830188998953
5.1	7.79261e-05	-0.000273173	84.695008300012
5.12	7.84183e-05	-0.000274001	84.8071765000932
5.14	7.91545e-05	-0.00027507	84.9191068999935
5.16	8.00042e-05	-0.00027581	85.0309488000348
5.18	8.08062e-05	-0.00027628	85.1429520999081
5.2	8.15856e-05	-0.000277379	85.2549393998925
5.22	8.20688e-05	-0.000277957	85.3669885001145
5.24	8.27665e-05	-0.000278708	85.4789535999298
5.26	8.34191e-05	-0.000279532	85.5909967001062
5.28	8.43658e-05	-0.000280221	85.7029331000522
5.3	8.50715e-05	-0.000281064	85.8148825999815
5.32	8.58099e-05	-0.000281888	85.9268795999233
5.34	8.66263e-05	-0.00028245	86.0388581999578
5.36	8.75323e-05	-0.000283286	86.1509265999775
5.38	8.81892e-05	-0.000284055	86.2628538999707
5.4	8.87531e-05	-0.000284561	86.3748395000584
5.42	8.95711e-05	-0.00028534	86.4868646999821
5.44	9.05837e-05	-0.000286075	86.5986651000567
5.46	9.12786e-05	-0.000286726	86.7108060999308
5.48	9.20178e-05	-0.000287451	86.8225783999078
5.5	9.27e-05	-0.000288296	86.9347733000759
5.52	9.34288e-05	-0.00028941	87.0467246000189
5.54	9.41148e-05	-0.000290213	87.1586901999544
5.56	9.47161e-05	-0.000290332	87.270921499934
5.58	9.5772e-05	-0.000291325	87.3828430001158
5.6	9.62271e-05	-0.000292248	87.4947379999794
5.62	9.69458e-05	-0.00029285	87.6068349999841
5.64	9.82555e-05	-0.000293385	87.7187431999482
5.66	9.89756e-05	-0.000294448	87.8309331999626
5.68	9.95017e-05	-0.000294979	87.9427668999415
5.7	0.000100044	-0.000295445	88.0547525999136
5.72	0.000100924	-0.000296401	88.1668211999349
5.74	0.00010169	-0.000297202	88.2788215999026
5.76	0.000101977	-0.000297843	88.390751699917
5.78	0.000102878	-0.000298829	88.5026155000087
5.8	0.000103901	-0.00030034	88.6148280999623
5.82	0.000104527	-0.000300789	88.726581600029
5.84	0.000105204	-0.000301651	88.8386234999634
5.86	0.000106108	-0.000302118	88.9506928001065
5.88	0.000106843	-0.000302814	89.0626076001208
5.9	0.000107653	-0.000303784	89.1748174999375
5.92	0.000108218	-0.000304488	89.2866233000532
5.94	0.000108821	-0.000305136	89.3985836000647
5.96	0.000109668	-0.000306212	89.5106411001179
5.98	0.000110241	-0.000307096	89.6227212999947
6	0.000111261	-0.000307474	89.7346326000988
6.02	0.00011179	-0.000308151	89.8466392999981
6.04	0.000112892	-0.000309359	89.9587348001078
6.06	0.000113585	-0.000309827	90.0705426998902
6.08	0.000114057	-0.000310471	90.182639000006
6.1	0.000115032	-0.000311139	90.294521600008
6.12	0.000115589	-0.000311953	90.4065779999364
6.14	0.000116466	-0.000312479	90.5186817001086
6.16	0.000117161	-0.000313126	90.6305891999509
6.18	0.000117663	-0.000314201	90.7424800998997
6.2	0.000118397	-0.000314787	90.8544439999387
6.22	0.00011909	-0.000315457	90.9666836000979
6.24	0.000119982	-0.000315911	91.0786613998935
6.26	0.000120508	-0.000316252	91.1904416000471
6.28	0.000120809	-0.0003176	91.3027572000865
6.3	0.000122206	-0.000318395	91.4146328999195
6.32	0.000122847	-0.000319064	91.5267109000124
6.34	0.000123563	-0.000319961	91.639046400087
6.36	0.000124398	-0.000320419	91.7503969999962
6.38	0.000124899	-0.000321088	91.8624881000724
6.4	0.000125816	-0.0003218	91.974441499915
6.42	0.000126662	-0.000322864	92.0865617999807
6.44	0.000126998	-0.000323339	92.1983574999031
6.46	0.000127451	-0.0003239	92.3104968999978
6.48	0.00012829	-0.000325127	92.4223261999432
6.5	0.000129081	-0.0003257	92.5343848001212
6.52	0.000129847	-0.000326441	92.6464456999674
6.54	0.000130204	-0.000327688	92.7583381000441
6.56	0.00013082	-0.000327997	92.8703374001198
6.58	0.000131618	-0.000328325	92.9824343000073
6.6	0.000132592	-0.000329127	93.0944395998958
6.62	0.000133036	-0.000329751	93.2062572001014
6.64	0.000133748	-0.000330532	93.318335399963
6.66	0.000134729	-0.000331261	93.4302407999057
6.68	0.000135187	-0.000332064	93.5422441000119
6.7	0.000136214	-0.000332689	93.654268699931
6.72	0.000137007	-0.000333313	93.7661695000716
6.74	0.00013744	-0.000334119	93.8783527999185
6.76	0.000138408	-0.000335132	93.9903027000837
6.78	0.000139337	-0.000335389	94.102198400069
6.8	0.000140094	-0.000336094	94.2142692001071
6.82	0.000140565	-0.00033705	94.3262032000348
6.84	0.000141099	-0.000337538	94.4383378999773
6.86	0.000141843	-0.00033835	94.5502110000234
6.88	0.00014277	-0.000339041	94.662181599997
6.9	0.000143628	-0.000339765	94.7741712999996
6.92	0.000144287	-0.000340546	94.8862358999904
6.94	0.000145151	-0.000341148	94.9982555999886
6.96	0.000145812	-0.000342005	95.1101289000362
6.98	0.000146113	-0.000342536	95.2223400999792
7	0.000147134	-0.000343383	95.33413260011
7.02	0.000147609	-0.000344264	95.4461145999376
7.04	0.000148547	-0.000344891	95.558313800022
7.06	0.000149272	-0.00034562	95.6702280000318
7.08	0.00014995	-0.000346204	95.7821120000444
7.1	0.000150508	-0.000347044	95.8942340000067
7.12	0.000151316	-0.000347637	96.006154499948
7.14	0.000152289	-0.000348507	96.1181115999352
7.16	0.000152365	-0.000349069	96.2301451000385
7.18	0.000152709	-0.000349725	96.3422169000842
7.2	0.00015359	-0.000350465	96.4540959000587
7.22	0.000154014	-0.00035125	96.5662269999739
7.24	0.00015489	-0.000351403	96.6782746000681
7.26	0.000155766	-0.000352003	96.7900062999688
7.28	0.000156151	-0.000352773	96.9021187000908
7.3	0.000156773	-0.000353688	97.0138832000084
7.32	0.000157767	-0.000354232	97.1260345999617
7.34	0.000158221	-0.000355012	97.2379858999047
7.36	0.000159197	-0.000355419	97.3499461999163
7.38	0.000159967	-0.000356283	97.4618929999415
7.4	0.000160524	-0.000357105	97.5739790000953
7.42	0.000161419	-0.000357337	97.6861227001064
7.44	0.000162387	-0.000358513	97.798022300005
7.46	0.000163584	-0.000359038	97.9099944999907
7.48	0.000164131	-0.000359632	98.0220188000239
7.5	0.000164786	-0.000360277	98.1339082999621
7.52	0.000165528	-0.000361025	98.2459305000957
7.54	0.000166183	-0.000361867	98.3579774000682
7.56	0.000167005	-0.000362146	98.4698848999105
7.58	0.000167691	-0.000363026	98.5819147999864
7.6	0.000168496	-0.000363728	98.6939407000318
7.62	0.000169121	-0.000364431	98.8057762000244
7.64	0.000169721	-0.00036518	98.9178494999651
7.66	0.000170117	-0.000365709	99.0298609000165
7.68	0.000171354	-0.000366778	99.1418836000375
7.7	0.000171771	-0.000367512	99.2540227998979
7.72	0.000172308	-0.000368002	99.365904300008
7.74	0.000172687	-0.000368806	99.4778122000862
7.76	0.000173677	-0.000369361	99.5897957000416
7.78	0.000174414	-0.000370001	99.701875800034
7.8	0.000175116	-0.000370611	99.8137614999432
7.82	0.000175793	-0.000371484	99.9258749000728
7.84	0.00017667	-0.000371911	100.037786300061
7.86	0.000177455	-0.000372902	100.149843299994
7.88	0.000178068	-0.000373482	100.261849700008
7.9	0.000178646	-0.000373995	100.373724299949
7.92	0.000179599	-0.000374806	100.485763600096
7.94	0.000179961	-0.000375498	100.597838799935
7.96	0.000180715	-0.000376235	100.709771099966
7.98	0.000181675	-0.000376787	100.821806200081
8	0.000182167	-0.000378207	100.933792199939
8.02	0.000183004	-0.000378975	101.045772399986
8.04	0.000183504	-0.000378972	101.157706399914
8.06	0.000184268	-0.000379423	101.269822600065
8.08	0.000184691	-0.000380224	101.381788300117
8.1	0.000185382	-0.000381175	101.493692700053
8.12	0.000186192	-0.000381793	101.605776200071
8.14	0.000186948	-0.000382399	101.717642300064
8.16	0.000187625	-0.000383249	101.829736999935
8.18	0.000188645	-0.000383923	101.941665699938
8.2	0.000189276	-0.000384935	102.053698600037
8.22	0.000190043	-0.000385388	102.165535599925
8.24	0.000190382	-0.000385648	102.277640900109
8.26	0.000191221	-0.000386397	102.389721400104
8.28	0.000191856	-0.000387128	102.501614799956
8.3	0.00019247	-0.000387853	102.613688299898
8.32	0.000193167	-0.000388974	102.725711999927
8.34	0.00019386	-0.000389699	102.837499799905
8.36	0.000194699	-0.000390268	102.949554499937
8.38	0.000195096	-0.000390892	103.061666700058
8.4	0.000196179	-0.000391248	103.173661499983
8.42	0.000196682	-0.00039249	103.285595699912
8.44	0.000197477	-0.000392927	103.397501999978
8.46	0.000198195	-0.00039349	103.509604400024
8.48	0.000199065	-0.000394052	103.621543999994
8.5	0.00019948	-0.000394582	103.733570999932
8.52	0.000200175	-0.000395272	103.845617899904
8.54	0.0002007	-0.000395948	103.957570200088
8.56	0.00020124	-0.000396796	104.069427199895
8.58	0.000201821	-0.0003974	104.181466999929
8.6	0.000202552	-0.000397848	104.293476199964
8.62	0.000203415	-0.000398614	104.405513700098
8.64	0.000204287	-0.000400401	104.517421799945
8.66	0.00020465	-0.000401175	104.62951930007
8.68	0.000205672	-0.000401543	104.741524599958
8.7	0.000206084	-0.000401874	104.853521199897
8.72	0.00020693	-0.000403006	104.965349199949
8.74	0.0002074	-0.000403406	105.077395600034
8.76	0.000208182	-0.000404139	105.189396500122
8.78	0.000209017	-0.000404724	105.301398700103
8.8	0.000209222	-0.000405613	105.413511600113
8.82	0.000210011	-0.000405657	105.52549670008
8.84	0.000210843	-0.000406108	105.637428099988
8.86	0.000211705	-0.000407152	105.749590599909
8.88	0.000212093	-0.000407624	105.861359900096
8.9	0.000213109	-0.000408402	105.973254400073
8.92	0.000213567	-0.00040909	106.085364199942
8.94	0.000214563	-0.000409817	106.197347499896
8.96	0.000215103	-0.000410116	106.309399300022
8.98	0.000215515	-0.000410777	106.421362699941
9	0.000216499	-0.000411047	106.533313600114
9.02	0.000217241	-0.000411529	106.645418700064
9.04	0.000217821	-0.000412567	106.757267500041
9.06	0.000218629	-0.000413155	106.869410699932
9.08	0.000218957	-0.000413774	106.981290800031
9.1	0.000219854	-0.000414653	107.09325419995
9.12	0.000220721	-0.000415268	107.205156499986
9.14	0.000221369	-0.000415814	107.317377700005
9.16	0.000222222	-0.000416615	107.429172100034
9.18	0.000222593	-0.000417518	107.541261400096
9.2	0.000223126	-0.00041827	107.653172099963
9.22	0.000223971	-0.000418713	107.76517369994
9.24	0.000224719	-0.000419302	107.87718540011
9.26	0.000225424	-0.000419875	107.989157400094
9.28	0.000225512	-0.00042065	108.101102600107
9.3	0.000226378	-0.000421213	108.21318150009
9.32	0.000227082	-0.000421748	108.325198200066
9.34	0.00022783	-0.000422661	108.437180599896
9.36	0.000228386	-0.000423248	108.549087400082
9.38	0.000229105	-0.000423682	108.661279499996
9.4	0.000229768	-0.000424504	108.773093400057
9.42	0.000230367	-0.000425081	108.885118100094
9.44	0.000231074	-0.000425731	108.997076699976
9.46	0.000231922	-0.000426809	109.109112699982
9.48	0.000232564	-0.000427078	109.221132100094
9.5	0.000233225	-0.000427792	109.333055200055
9.52	0.000233924	-0.000428405	109.445139999967
9.54	0.000234237	-0.000428849	109.557223000098
9.56	0.000235348	-0.000429941	109.669066000031
9.58	0.000235916	-0.00043049	109.781052300008
9.6	0.000236623	-0.000430816	109.893218300072
9.62	0.000237085	-0.000431115	110.004955099896
9.64	0.000237789	-0.00043234	110.116951100063
9.66	0.000238429	-0.000432838	110.229041599901
9.68	0.000239333	-0.000433706	110.341076100012
9.7	0.000239754	-0.000434194	110.45298870001
9.72	0.000240593	-0.000434857	110.5649329999
9.74	0.000241285	-0.000435787	110.677132700104
9.76	0.000241594	-0.000436209	110.788957600016
9.78	0.000242145	-0.000436744	110.901081900112
9.8	0.000243091	-0.000437407	111.012906000018
9.82	0.000243493	-0.000438174	111.124941899907
9.84	0.000244323	-0.000439032	111.237033199985
9.86	0.00024507	-0.000439316	111.349043400027
9.88	0.000245561	-0.000440154	111.460803699913
9.9	0.000246035	-0.00044087	111.572814699961
9.92	0.00024703	-0.000441528	111.684877299936
9.94	0.000247497	-0.000442031	111.796816600021
9.96	0.0002484	-0.00044246	111.908976899926
9.98	0.000248895	-0.000443336	112.02092280006
10	0.000249588	-0.000444041	112.132864899933
