# qdac_multiple_set	qdac_ch19_curr_ucal	qdac_ch22_curr_ucal	timer
# "Voltage"	"ch19"	"ch22"	"Elapsed time"
# 1001
-10	-9.40036e-09	6.85432e-09	0.143602399853989
-9.98	-9.37393e-09	6.83222e-09	0.255667499965057
-9.96	-9.34475e-09	6.79867e-09	0.367623999947682
-9.94	-9.31888e-09	6.77496e-09	0.479729499900714
-9.92	-9.29709e-09	6.74569e-09	0.591792299877852
-9.9	-9.26676e-09	6.71352e-09	0.703613399993628
-9.88	-9.24442e-09	6.68916e-09	0.815640799934044
-9.86	-9.21484e-09	6.66768e-09	0.927572899963707
-9.84	-9.18639e-09	6.64074e-09	1.03948689997196
-9.82	-9.16278e-09	6.61358e-09	1.15155999991111
-9.8	-9.1493e-09	6.5829e-09	1.26351509988308
-9.78	-9.11078e-09	6.55854e-09	1.37577420007437
-9.76	-9.08505e-09	6.53124e-09	1.48754039988853
-9.74	-9.05671e-09	6.51006e-09	1.59960979991592
-9.72	-9.02987e-09	6.4774e-09	1.7117401000578
-9.7	-9.00447e-09	6.45539e-09	1.82364979991689
-9.68	-8.975e-09	6.42525e-09	1.93561120005324
-9.66	-8.95509e-09	6.40503e-09	2.04751489986666
-9.64	-8.92477e-09	6.37802e-09	2.15959779988043
-9.62	-8.90542e-09	6.34739e-09	2.27154730004258
-9.6	-8.87902e-09	6.31558e-09	2.38345890003256
-9.58	-8.85602e-09	6.28965e-09	2.49562369985506
-9.56	-8.82623e-09	6.26474e-09	2.60751749994233
-9.54	-8.80568e-09	6.24212e-09	2.71941819996573
-9.52	-8.77281e-09	6.21527e-09	2.831434099935
-9.5	-8.75168e-09	6.19521e-09	2.94354879995808
-9.48	-8.73207e-09	6.1697e-09	3.05545999994501
-9.46	-8.7037e-09	6.15278e-09	3.1673975000158
-9.44	-8.6789e-09	6.12256e-09	3.27951549994759
-9.42	-8.65005e-09	6.08942e-09	3.39152819989249
-9.4	-8.63423e-09	6.06512e-09	3.50339329987764
-9.38	-8.60039e-09	6.04597e-09	3.61544359987602
-9.36	-8.57869e-09	6.02327e-09	3.72727699996904
-9.34	-8.55351e-09	5.99406e-09	3.83939259988256
-9.32	-8.52277e-09	5.97106e-09	3.95133899990469
-9.3	-8.50521e-09	5.95448e-09	4.06334259989671
-9.28	-8.47959e-09	5.92269e-09	4.17540899990126
-9.26	-8.45557e-09	5.89618e-09	4.28738899994642
-9.24	-8.42623e-09	5.8684e-09	4.39931820007041
-9.22	-8.40408e-09	5.85385e-09	4.51147009991109
-9.2	-8.38268e-09	5.83005e-09	4.62329689995386
-9.18	-8.35536e-09	5.80489e-09	4.73536910000257
-9.16	-8.33237e-09	5.79133e-09	4.84754640003666
-9.14	-8.31726e-09	5.761e-09	4.95934419985861
-9.12	-8.28731e-09	5.73315e-09	5.07136809988879
-9.1	-8.26651e-09	5.71404e-09	5.18337449990213
-9.08	-8.23807e-09	5.69095e-09	5.29532749997452
-9.06	-8.22073e-09	5.66513e-09	5.4072809999343
-9.04	-8.19432e-09	5.64553e-09	5.51927360007539
-9.02	-8.17272e-09	5.61973e-09	5.63118469994515
-9	-8.15246e-09	5.59394e-09	5.74319679988548
-8.98	-8.11988e-09	5.56962e-09	5.8553130000364
-8.96	-8.10179e-09	5.55275e-09	5.96724519995041
-8.94	-8.07844e-09	5.52466e-09	6.07924850005656
-8.92	-8.05966e-09	5.49793e-09	6.1913135999348
-8.9	-8.04122e-09	5.4821e-09	6.30322879995219
-8.88	-8.0187e-09	5.46213e-09	6.41517150006257
-8.86	-7.9888e-09	5.43597e-09	6.52728709997609
-8.84	-7.96683e-09	5.41474e-09	6.63909820001572
-8.82	-7.94846e-09	5.38942e-09	6.75115079991519
-8.8	-7.92834e-09	5.37158e-09	6.86318270000629
-8.78	-7.89997e-09	5.35032e-09	6.97514549992047
-8.76	-7.87851e-09	5.31977e-09	7.08713670005091
-8.74	-7.85845e-09	5.3004e-09	7.19907189998776
-8.72	-7.8394e-09	5.27887e-09	7.31127050006762
-8.7	-7.81522e-09	5.25756e-09	7.42315479996614
-8.68	-7.79416e-09	5.23571e-09	7.53519829991274
-8.66	-7.77332e-09	5.21533e-09	7.64706499991007
-8.64	-7.75155e-09	5.18752e-09	7.75912759988569
-8.62	-7.73399e-09	5.16856e-09	7.87107279989868
-8.6	-7.71077e-09	5.1521e-09	7.98320530005731
-8.58	-7.68568e-09	5.12919e-09	8.09500480000861
-8.56	-7.66888e-09	5.10355e-09	8.20697449985892
-8.54	-7.64273e-09	5.0803e-09	8.31904869992286
-8.52	-7.62639e-09	5.06052e-09	8.43104230007157
-8.5	-7.61155e-09	5.04402e-09	8.54306189995259
-8.48	-7.58006e-09	5.03058e-09	8.65516559989192
-8.46	-7.5623e-09	5.00384e-09	8.7671705998946
-8.44	-7.53979e-09	4.97802e-09	8.87898380006664
-8.42	-7.52074e-09	4.95709e-09	8.99143729987554
-8.4	-7.50429e-09	4.92607e-09	9.10298329987563
-8.38	-7.47483e-09	4.91419e-09	9.21498559997417
-8.36	-7.45772e-09	4.89293e-09	9.32690380001441
-8.34	-7.43801e-09	4.86633e-09	9.43906820006669
-8.32	-7.42017e-09	4.84807e-09	9.55110120004974
-8.3	-7.39394e-09	4.83432e-09	9.6629329000134
-8.28	-7.37395e-09	4.81475e-09	9.77501889993437
-8.26	-7.35321e-09	4.79096e-09	9.88695760001428
-8.24	-7.33346e-09	4.77009e-09	9.99903690000065
-8.22	-7.31801e-09	4.75094e-09	10.1110622000415
-8.2	-7.29745e-09	4.72794e-09	10.2228941000067
-8.18	-7.27562e-09	4.70858e-09	10.3349446000066
-8.16	-7.25217e-09	4.68931e-09	10.4469306999817
-8.14	-7.23936e-09	4.67214e-09	10.5588368000463
-8.12	-7.21855e-09	4.65339e-09	10.6707758000121
-8.1	-7.19514e-09	4.62951e-09	10.7828279000241
-8.08	-7.17776e-09	4.60768e-09	10.8949591000564
-8.06	-7.16278e-09	4.58584e-09	11.0068896000739
-8.04	-7.13482e-09	4.56617e-09	11.1188199999742
-8.02	-7.11309e-09	4.5523e-09	11.2307774000801
-8	-7.09899e-09	4.5272e-09	11.3427363999654
-7.98	-7.07635e-09	4.5134e-09	11.4547730998602
-7.96	-7.0555e-09	4.49895e-09	11.5667810998857
-7.94	-7.03366e-09	4.47722e-09	11.6787765999325
-7.92	-7.0156e-09	4.45477e-09	11.7907346000429
-7.9	-7.00174e-09	4.43861e-09	11.9028014999349
-7.88	-6.98062e-09	4.41931e-09	12.014810099965
-7.86	-6.962e-09	4.39204e-09	12.1268436000682
-7.84	-6.94234e-09	4.37668e-09	12.2388750999235
-7.82	-6.92153e-09	4.35794e-09	12.3508119999897
-7.8	-6.90537e-09	4.33667e-09	12.4627469000407
-7.78	-6.88958e-09	4.31812e-09	12.5746247000061
-7.76	-6.86802e-09	4.30053e-09	12.6866277998779
-7.74	-6.84412e-09	4.27851e-09	12.7987166999374
-7.72	-6.82806e-09	4.26069e-09	12.9106238000095
-7.7	-6.8077e-09	4.23834e-09	13.0226550998632
-7.68	-6.79336e-09	4.2252e-09	13.134603299899
-7.66	-6.76968e-09	4.20364e-09	13.2468435000628
-7.64	-6.75065e-09	4.18938e-09	13.3587288998533
-7.62	-6.73795e-09	4.16928e-09	13.4706445999909
-7.6	-6.71513e-09	4.15635e-09	13.5827307000291
-7.58	-6.70195e-09	4.13708e-09	13.6947260000743
-7.56	-6.68531e-09	4.11985e-09	13.8065939999651
-7.54	-6.66199e-09	4.09733e-09	13.9187209999654
-7.52	-6.64761e-09	4.07943e-09	14.030730899889
-7.5	-6.62502e-09	4.06469e-09	14.1427773998585
-7.48	-6.61248e-09	4.04221e-09	14.2546021000016
-7.46	-6.58769e-09	4.03153e-09	14.3667001998983
-7.44	-6.57467e-09	4.00681e-09	14.478511299938
-7.42	-6.55054e-09	3.98738e-09	14.5905263000168
-7.4	-6.53525e-09	3.96903e-09	14.7026487998664
-7.38	-6.51982e-09	3.9511e-09	14.8146716000047
-7.36	-6.5031e-09	3.93155e-09	14.9265550998971
-7.34	-6.48556e-09	3.91715e-09	15.0385127000045
-7.32	-6.46315e-09	3.89385e-09	15.1504412000068
-7.3	-6.44498e-09	3.87934e-09	15.2624059999362
-7.28	-6.42428e-09	3.86e-09	15.374487800058
-7.26	-6.4149e-09	3.84508e-09	15.4864560000133
-7.24	-6.39438e-09	3.82561e-09	15.5984094999731
-7.22	-6.37892e-09	3.80966e-09	15.71055050008
-7.2	-6.36026e-09	3.78872e-09	15.8224708000198
-7.18	-6.34511e-09	3.77238e-09	15.9344415999949
-7.16	-6.32658e-09	3.75125e-09	16.0464335998986
-7.14	-6.30685e-09	3.73382e-09	16.158467900008
-7.12	-6.28885e-09	3.71415e-09	16.2704533999786
-7.1	-6.27003e-09	3.70012e-09	16.3824106000829
-7.08	-6.25053e-09	3.68608e-09	16.4943999999668
-7.06	-6.23397e-09	3.66851e-09	16.6064082998782
-7.04	-6.2224e-09	3.6519e-09	16.7184132998809
-7.02	-6.20462e-09	3.62925e-09	16.8303540998604
-7	-6.18678e-09	3.61094e-09	16.9424844000023
-6.98	-6.16903e-09	3.60026e-09	17.0544771000277
-6.96	-6.15676e-09	3.58371e-09	17.1662914999761
-6.94	-6.13489e-09	3.5606e-09	17.2783210999332
-6.92	-6.1186e-09	3.54995e-09	17.3905436000787
-6.9	-6.09914e-09	3.53158e-09	17.5022946998943
-6.88	-6.08502e-09	3.50846e-09	17.6143662999384
-6.86	-6.06529e-09	3.49454e-09	17.7263402999379
-6.84	-6.0516e-09	3.48161e-09	17.8383249999024
-6.82	-6.03146e-09	3.46304e-09	17.9504905999638
-6.8	-6.00816e-09	3.4524e-09	18.0622737999074
-6.78	-5.99234e-09	3.43381e-09	18.1742177000269
-6.76	-5.98632e-09	3.41441e-09	18.2863711998798
-6.74	-5.96224e-09	3.40021e-09	18.3982388998847
-6.72	-5.95348e-09	3.37826e-09	18.5103622998577
-6.7	-5.93613e-09	3.36364e-09	18.6223420999013
-6.68	-5.91445e-09	3.34796e-09	18.7342496998608
-6.66	-5.89914e-09	3.33337e-09	18.8461948998738
-6.64	-5.88208e-09	3.31793e-09	18.958217300009
-6.62	-5.86765e-09	3.30193e-09	19.0701838999521
-6.6	-5.85136e-09	3.27566e-09	19.182170300046
-6.58	-5.83303e-09	3.26509e-09	19.2942689000629
-6.56	-5.81648e-09	3.24217e-09	19.406181700062
-6.54	-5.79821e-09	3.22915e-09	19.5181426999625
-6.52	-5.7829e-09	3.20979e-09	19.6300683000591
-6.5	-5.76821e-09	3.19317e-09	19.7421198999509
-6.48	-5.7458e-09	3.1871e-09	19.8542814999819
-6.46	-5.72874e-09	3.16168e-09	19.9662057000678
-6.44	-5.71803e-09	3.14885e-09	20.0783826999832
-6.42	-5.70325e-09	3.13389e-09	20.1901753998827
-6.4	-5.68319e-09	3.11804e-09	20.3019908000715
-6.38	-5.66301e-09	3.10488e-09	20.4140462998766
-6.36	-5.6495e-09	3.08474e-09	20.5261705999728
-6.34	-5.63659e-09	3.07009e-09	20.6381258999463
-6.32	-5.62022e-09	3.05611e-09	20.7501318999566
-6.3	-5.59905e-09	3.04137e-09	20.8620664998889
-6.28	-5.58101e-09	3.02508e-09	20.9740007999353
-6.26	-5.56456e-09	3.0053e-09	21.0860069000628
-6.24	-5.55556e-09	2.99749e-09	21.1980175999925
-6.22	-5.53681e-09	2.97837e-09	21.3100117000286
-6.2	-5.52699e-09	2.9601e-09	21.4220149999019
-6.18	-5.50892e-09	2.94051e-09	21.534012600081
-6.16	-5.48637e-09	2.92909e-09	21.6460076000076
-6.14	-5.47146e-09	2.91732e-09	21.7581213999074
-6.12	-5.46097e-09	2.90078e-09	21.8700753999874
-6.1	-5.44332e-09	2.88648e-09	21.9820163000841
-6.08	-5.43089e-09	2.86757e-09	22.0939720999449
-6.06	-5.4115e-09	2.8508e-09	22.2060857999604
-6.04	-5.39623e-09	2.8346e-09	22.3183116000146
-6.02	-5.37734e-09	2.82375e-09	22.4300802000798
-6	-5.36767e-09	2.81064e-09	22.5418777000159
-5.98	-5.3452e-09	2.7862e-09	22.6541221998632
-5.96	-5.32753e-09	2.77453e-09	22.7658756000455
-5.94	-5.31196e-09	2.76054e-09	22.8778852999676
-5.92	-5.29732e-09	2.74754e-09	22.989874899853
-5.9	-5.28003e-09	2.73022e-09	23.1018556999043
-5.88	-5.27133e-09	2.71558e-09	23.2139069000259
-5.86	-5.25453e-09	2.70394e-09	23.325848700013
-5.84	-5.24495e-09	2.69005e-09	23.4378122999333
-5.82	-5.22203e-09	2.67553e-09	23.5498885000125
-5.8	-5.21429e-09	2.66193e-09	23.6618619000074
-5.78	-5.19872e-09	2.64475e-09	23.7739067999646
-5.76	-5.17944e-09	2.63441e-09	23.8859305998776
-5.74	-5.16123e-09	2.61694e-09	23.9978157000151
-5.72	-5.14743e-09	2.59961e-09	24.1097385999747
-5.7	-5.13527e-09	2.5862e-09	24.2218869999051
-5.68	-5.11807e-09	2.5726e-09	24.3338222999591
-5.66	-5.10688e-09	2.5591e-09	24.4457306000404
-5.64	-5.08906e-09	2.54414e-09	24.5578038999811
-5.62	-5.07845e-09	2.52056e-09	24.6697704999242
-5.6	-5.05824e-09	2.51067e-09	24.7816776998807
-5.58	-5.05308e-09	2.49374e-09	24.8936977998819
-5.56	-5.03274e-09	2.47912e-09	25.0057230999228
-5.54	-5.01338e-09	2.46267e-09	25.117780999979
-5.52	-5.00296e-09	2.45231e-09	25.229702899931
-5.5	-4.9912e-09	2.43377e-09	25.3417817999143
-5.48	-4.97597e-09	2.42086e-09	25.4538086999673
-5.46	-4.95919e-09	2.40494e-09	25.5656238000374
-5.44	-4.9374e-09	2.38671e-09	25.6776502998546
-5.42	-4.92505e-09	2.38161e-09	25.7897735000588
-5.4	-4.90979e-09	2.35939e-09	25.9016779998783
-5.38	-4.89608e-09	2.34857e-09	26.0137821000535
-5.36	-4.88586e-09	2.33211e-09	26.1255965998862
-5.34	-4.87086e-09	2.32528e-09	26.2377110000234
-5.32	-4.85274e-09	2.30932e-09	26.3496775999665
-5.3	-4.84154e-09	2.29459e-09	26.4617296999786
-5.28	-4.82482e-09	2.2815e-09	26.5736213000491
-5.26	-4.81207e-09	2.26683e-09	26.6856811000034
-5.24	-4.79456e-09	2.24455e-09	26.7975683999248
-5.22	-4.78113e-09	2.23139e-09	26.9096677999478
-5.2	-4.7646e-09	2.21794e-09	27.0215453000274
-5.18	-4.74944e-09	2.1993e-09	27.133512499975
-5.16	-4.73857e-09	2.18752e-09	27.2458051999565
-5.14	-4.72399e-09	2.17763e-09	27.357484200038
-5.12	-4.70916e-09	2.16138e-09	27.4695508000441
-5.1	-4.69219e-09	2.15682e-09	27.5816341999453
-5.08	-4.6781e-09	2.13993e-09	27.6936186000239
-5.06	-4.66885e-09	2.13164e-09	27.8055549999699
-5.04	-4.65379e-09	2.1139e-09	27.9175789998844
-5.02	-4.63969e-09	2.09388e-09	28.0295828999951
-5	-4.62782e-09	2.07865e-09	28.1415118000004
-4.98	-4.61103e-09	2.07452e-09	28.253480500076
-4.96	-4.59908e-09	2.0544e-09	28.3654847999569
-4.94	-4.58445e-09	2.03792e-09	28.4775699998718
-4.92	-4.56976e-09	2.03064e-09	28.5895420999732
-4.9	-4.55668e-09	2.01669e-09	28.7014136998914
-4.88	-4.54258e-09	1.99758e-09	28.8136473998893
-4.86	-4.5239e-09	1.98364e-09	28.9254683000036
-4.84	-4.51259e-09	1.97856e-09	29.0373944998719
-4.82	-4.4934e-09	1.96083e-09	29.1496130998712
-4.8	-4.48752e-09	1.94788e-09	29.2614275000524
-4.78	-4.46496e-09	1.93711e-09	29.3733184000012
-4.76	-4.4556e-09	1.92322e-09	29.485432599904
-4.74	-4.44038e-09	1.91403e-09	29.5973674000707
-4.72	-4.43038e-09	1.90015e-09	29.7094682999887
-4.7	-4.41638e-09	1.8808e-09	29.8215141999535
-4.68	-4.39956e-09	1.86829e-09	29.9332379999105
-4.66	-4.38692e-09	1.85647e-09	30.0453448998742
-4.64	-4.37411e-09	1.84058e-09	30.1575147998519
-4.62	-4.36341e-09	1.8342e-09	30.2693900999147
-4.6	-4.34934e-09	1.80946e-09	30.3813557999674
-4.58	-4.33319e-09	1.7989e-09	30.4933941999916
-4.56	-4.31723e-09	1.79055e-09	30.6053106000181
-4.54	-4.30717e-09	1.77962e-09	30.7172683998942
-4.52	-4.2938e-09	1.75923e-09	30.8292207000777
-4.5	-4.28159e-09	1.74701e-09	30.9412978000473
-4.48	-4.26826e-09	1.73454e-09	31.0532801998779
-4.46	-4.24943e-09	1.71911e-09	31.1651665999088
-4.44	-4.23592e-09	1.70703e-09	31.2771713000257
-4.42	-4.22364e-09	1.69967e-09	31.3893210999668
-4.4	-4.21226e-09	1.68643e-09	31.5012498998549
-4.38	-4.19403e-09	1.67025e-09	31.6135348000098
-4.36	-4.17947e-09	1.65316e-09	31.725438500056
-4.34	-4.16957e-09	1.64562e-09	31.836994699901
-4.32	-4.15816e-09	1.63673e-09	31.9491886000615
-4.3	-4.1445e-09	1.61851e-09	32.0611376999877
-4.28	-4.13136e-09	1.60518e-09	32.1730402000248
-4.26	-4.11434e-09	1.5941e-09	32.285200299928
-4.24	-4.10333e-09	1.57511e-09	32.3971233998891
-4.22	-4.09322e-09	1.56306e-09	32.5090971000027
-4.2	-4.07344e-09	1.55518e-09	32.6212708000094
-4.18	-4.07086e-09	1.54174e-09	32.7332015999127
-4.16	-4.05607e-09	1.52802e-09	32.8450702999253
-4.14	-4.03352e-09	1.51342e-09	32.9571859000716
-4.12	-4.02622e-09	1.50623e-09	33.0693701000419
-4.1	-4.00446e-09	1.49356e-09	33.1811609999277
-4.08	-3.9943e-09	1.47959e-09	33.2930983998813
-4.06	-3.98221e-09	1.46231e-09	33.4051405999344
-4.04	-3.97063e-09	1.45839e-09	33.5172629000153
-4.02	-3.95669e-09	1.43979e-09	33.6291242998559
-4	-3.93994e-09	1.42972e-09	33.7411821000278
-3.98	-3.92904e-09	1.41763e-09	33.8530613998882
-3.96	-3.92216e-09	1.40581e-09	33.9651337999385
-3.94	-3.90037e-09	1.39422e-09	34.0772202999797
-3.92	-3.886e-09	1.38057e-09	34.1889325000811
-3.9	-3.8758e-09	1.36529e-09	34.3009112
-3.88	-3.86983e-09	1.35982e-09	34.4129734998569
-3.86	-3.84982e-09	1.34193e-09	34.5251155998558
-3.84	-3.84204e-09	1.32695e-09	34.6368942998815
-3.82	-3.82328e-09	1.3242e-09	34.7492646998726
-3.8	-3.81272e-09	1.30814e-09	34.8609205000103
-3.78	-3.80026e-09	1.29159e-09	34.9730618000031
-3.76	-3.78781e-09	1.28196e-09	35.084948200034
-3.74	-3.77425e-09	1.26602e-09	35.1968838998582
-3.72	-3.75905e-09	1.24849e-09	35.3089864000212
-3.7	-3.75044e-09	1.24233e-09	35.4209141000174
-3.68	-3.73597e-09	1.23011e-09	35.5328955999576
-3.66	-3.72489e-09	1.23021e-09	35.6448460000101
-3.64	-3.71184e-09	1.21039e-09	35.7568800000008
-3.62	-3.70649e-09	1.19802e-09	35.868851199979
-3.6	-3.68938e-09	1.18812e-09	35.980955200037
-3.58	-3.6769e-09	1.17075e-09	36.0928509000223
-3.56	-3.66814e-09	1.16391e-09	36.2048080998939
-3.54	-3.65267e-09	1.14383e-09	36.3168711999897
-3.52	-3.6369e-09	1.13423e-09	36.4289623999503
-3.5	-3.62276e-09	1.12571e-09	36.5407829000615
-3.48	-3.60576e-09	1.12063e-09	36.6528894000221
-3.46	-3.59475e-09	1.10201e-09	36.7648779000156
-3.44	-3.58825e-09	1.08252e-09	36.8768829999026
-3.42	-3.57736e-09	1.07316e-09	36.9889442999847
-3.4	-3.56355e-09	1.05999e-09	37.1007767999545
-3.38	-3.54828e-09	1.05352e-09	37.2128045998979
-3.36	-3.537e-09	1.04238e-09	37.3249282999896
-3.34	-3.52219e-09	1.0279e-09	37.4368608999066
-3.32	-3.51192e-09	1.01565e-09	37.5487289000303
-3.3	-3.49639e-09	9.93893e-10	37.6608965999912
-3.28	-3.48573e-09	9.90895e-10	37.7727328999899
-3.26	-3.46847e-09	9.85149e-10	37.8849092000164
-3.24	-3.45893e-09	9.67793e-10	37.9967304999009
-3.22	-3.44992e-09	9.56381e-10	38.1087013999932
-3.2	-3.43965e-09	9.46144e-10	38.2207807998639
-3.18	-3.42515e-09	9.35e-10	38.332659299951
-3.16	-3.4149e-09	9.20629e-10	38.4447256999556
-3.14	-3.398e-09	9.13595e-10	38.5568065999541
-3.12	-3.38841e-09	8.99447e-10	38.6686537000351
-3.1	-3.37642e-09	8.87456e-10	38.7807024999056
-3.08	-3.36225e-09	8.76154e-10	38.8926414998714
-3.06	-3.34904e-09	8.62899e-10	39.0047073999885
-3.04	-3.33991e-09	8.48562e-10	39.1167130998801
-3.02	-3.32665e-09	8.39882e-10	39.2286100999918
-3	-3.31636e-09	8.34968e-10	39.3405134999193
-2.98	-3.29588e-09	8.21582e-10	39.4526595999487
-2.96	-3.28391e-09	8.05487e-10	39.564664100064
-2.94	-3.2743e-09	7.96557e-10	39.6765560000204
-2.92	-3.26224e-09	7.87933e-10	39.7886188998818
-2.9	-3.24641e-09	7.76675e-10	39.9005597999785
-2.88	-3.23474e-09	7.56803e-10	40.0125301000662
-2.86	-3.22396e-09	7.44363e-10	40.1245405999944
-2.84	-3.21395e-09	7.3768e-10	40.236579899909
-2.82	-3.19443e-09	7.28431e-10	40.3485477999784
-2.8	-3.18957e-09	7.19463e-10	40.4605069998652
-2.78	-3.18045e-09	7.06072e-10	40.5726576999296
-2.76	-3.16179e-09	6.97302e-10	40.6845543000381
-2.74	-3.14869e-09	6.83541e-10	40.7964568000752
-2.72	-3.14102e-09	6.75228e-10	40.9084348999895
-2.7	-3.12628e-09	6.61524e-10	41.0204912000336
-2.68	-3.11505e-09	6.50672e-10	41.1324173000176
-2.66	-3.10307e-09	6.36743e-10	41.2444994999096
-2.64	-3.08944e-09	6.21124e-10	41.3565752999857
-2.62	-3.07895e-09	6.11462e-10	41.4684675000608
-2.6	-3.07201e-09	6.04861e-10	41.5803789999336
-2.58	-3.05272e-09	5.97311e-10	41.6925514000468
-2.56	-3.0461e-09	5.8334e-10	41.8045026999898
-2.54	-3.03862e-09	5.71193e-10	41.9163875000086
-2.52	-3.01986e-09	5.52104e-10	42.0283716998529
-2.5	-3.00846e-09	5.41603e-10	42.1404224999715
-2.48	-2.99505e-09	5.39917e-10	42.2524733999744
-2.46	-2.98804e-09	5.22946e-10	42.3644421999343
-2.44	-2.96986e-09	5.12418e-10	42.4764870000072
-2.42	-2.95857e-09	5.03207e-10	42.5883983999956
-2.4	-2.94755e-09	4.94771e-10	42.7003456000239
-2.38	-2.93975e-09	4.83141e-10	42.8123991000466
-2.36	-2.93157e-09	4.71674e-10	42.9243562999181
-2.34	-2.91864e-09	4.57196e-10	43.0362531999126
-2.32	-2.90349e-09	4.50115e-10	43.1483372000512
-2.3	-2.89408e-09	4.35092e-10	43.2602961999364
-2.28	-2.88542e-09	4.26877e-10	43.3722780998796
-2.26	-2.87375e-09	4.10719e-10	43.4843041000422
-2.24	-2.85301e-09	4.01264e-10	43.5962409998756
-2.22	-2.84692e-09	3.93372e-10	43.7082447998691
-2.2	-2.83137e-09	3.83563e-10	43.8202376000118
-2.18	-2.82199e-09	3.6311e-10	43.9322502999566
-2.16	-2.81711e-09	3.60698e-10	44.0441763000563
-2.14	-2.7956e-09	3.45714e-10	44.1564136000816
-2.12	-2.79364e-09	3.378e-10	44.2683043999132
-2.1	-2.77069e-09	3.2623e-10	44.3801925999578
-2.08	-2.75965e-09	3.13753e-10	44.4921965000685
-2.06	-2.74862e-09	3.09335e-10	44.6042506999802
-2.04	-2.74059e-09	2.96443e-10	44.7162408998702
-2.02	-2.72996e-09	2.82738e-10	44.8281497000717
-2	-2.72033e-09	2.7465e-10	44.940206799889
-1.98	-2.70588e-09	2.6296e-10	45.0521835000254
-1.96	-2.69617e-09	2.52157e-10	45.1641891000327
-1.94	-2.67858e-09	2.40501e-10	45.276067599887
-1.92	-2.66675e-09	2.35651e-10	45.388252899982
-1.9	-2.6576e-09	2.24517e-10	45.5001570999157
-1.88	-2.64581e-09	2.13726e-10	45.6121455000248
-1.86	-2.63456e-09	1.98899e-10	45.7242566999048
-1.84	-2.62746e-09	1.93358e-10	45.8360911000054
-1.82	-2.61066e-09	1.79673e-10	45.9481122998986
-1.8	-2.60193e-09	1.70588e-10	46.0602480000816
-1.78	-2.5913e-09	1.57859e-10	46.1722687999718
-1.76	-2.58462e-09	1.49001e-10	46.2842790000141
-1.74	-2.56476e-09	1.40641e-10	46.3961473999079
-1.72	-2.5559e-09	1.30533e-10	46.5079937998671
-1.7	-2.54636e-09	1.19816e-10	46.6200786000118
-1.68	-2.54142e-09	1.07147e-10	46.7320904999506
-1.66	-2.51877e-09	9.49839e-11	46.8439539999235
-1.64	-2.51278e-09	8.69998e-11	46.9560205999296
-1.62	-2.49649e-09	7.95485e-11	47.0680611999705
-1.6	-2.49165e-09	6.75341e-11	47.1802306000609
-1.58	-2.48236e-09	5.67631e-11	47.2919570000377
-1.56	-2.47131e-09	4.6665e-11	47.4039721998852
-1.54	-2.45887e-09	3.22258e-11	47.5159839999396
-1.52	-2.44868e-09	2.17442e-11	47.6279263999313
-1.5	-2.43726e-09	1.38809e-11	47.7399819998536
-1.48	-2.4193e-09	7.95379e-13	47.851939599961
-1.46	-2.40901e-09	-3.41955e-12	47.9638743998948
-1.44	-2.39684e-09	-2.04234e-11	48.075756700011
-1.42	-2.38241e-09	-3.04791e-11	48.1878730000462
-1.4	-2.37281e-09	-3.72943e-11	48.2998186000623
-1.38	-2.36624e-09	-4.80938e-11	48.4118061000481
-1.36	-2.35179e-09	-6.11855e-11	48.5238711999264
-1.34	-2.34177e-09	-6.69459e-11	48.6358229999896
-1.32	-2.33519e-09	-8.19519e-11	48.7478513000533
-1.3	-2.32222e-09	-9.56716e-11	48.8598020998761
-1.28	-2.30565e-09	-1.02653e-10	48.9718055999838
-1.26	-2.30316e-09	-1.13185e-10	49.0840773999225
-1.24	-2.27708e-09	-1.2263e-10	49.19585369993
-1.22	-2.27308e-09	-1.34896e-10	49.3077398999594
-1.2	-2.26484e-09	-1.39177e-10	49.419781500008
-1.18	-2.25279e-09	-1.51194e-10	49.531852300046
-1.16	-2.24042e-09	-1.62465e-10	49.6439906999003
-1.14	-2.22935e-09	-1.71487e-10	49.7557751999702
-1.12	-2.21625e-09	-1.74663e-10	49.8677550998982
-1.1	-2.21076e-09	-1.82786e-10	49.9800213999115
-1.08	-2.19654e-09	-1.88496e-10	50.0917742999736
-1.06	-2.18419e-09	-2.10245e-10	50.2039550999179
-1.04	-2.1796e-09	-2.20426e-10	50.3157758000307
-1.02	-2.16096e-09	-2.27225e-10	50.4277260999661
-1	-2.14823e-09	-2.42819e-10	50.539722800022
-0.98	-2.14108e-09	-2.55547e-10	50.6517534998711
-0.959999999999999	-2.12345e-09	-2.62263e-10	50.7637590998784
-0.94	-2.11796e-09	-2.76135e-10	50.8757140000816
-0.92	-2.10421e-09	-2.81425e-10	50.9877211998682
-0.9	-2.10144e-09	-2.89248e-10	51.0996449999511
-0.879999999999999	-2.08768e-09	-2.97751e-10	51.2121649999171
-0.859999999999999	-2.0773e-09	-3.11456e-10	51.3237213999964
-0.84	-2.06544e-09	-3.23375e-10	51.4356907999609
-0.82	-2.05282e-09	-3.36489e-10	51.5475598999765
-0.799999999999999	-2.04919e-09	-3.42866e-10	51.6596824999433
-0.779999999999999	-2.03027e-09	-3.51509e-10	51.771821500035
-0.76	-2.02315e-09	-3.63912e-10	51.8835944999009
-0.74	-2.01534e-09	-3.71426e-10	51.9956332000438
-0.720000000000001	-1.9948e-09	-3.81368e-10	52.1075702998787
-0.699999999999999	-1.98513e-09	-3.95978e-10	52.2195961000398
-0.68	-1.975e-09	-4.06903e-10	52.3316776999272
-0.66	-1.97495e-09	-4.16492e-10	52.4437281000428
-0.640000000000001	-1.95787e-09	-4.24823e-10	52.5556783999782
-0.619999999999999	-1.94534e-09	-4.37886e-10	52.6675122000743
-0.6	-1.93669e-09	-4.38895e-10	52.7795593999326
-0.58	-1.9219e-09	-4.45523e-10	52.8916191000026
-0.56	-1.91571e-09	-4.51668e-10	53.0036136000417
-0.539999999999999	-1.90053e-09	-4.71253e-10	53.1155568000395
-0.52	-1.89066e-09	-4.80954e-10	53.2275298000313
-0.5	-1.87615e-09	-4.89643e-10	53.3395070999395
-0.48	-1.86904e-09	-4.99252e-10	53.451698299963
-0.459999999999999	-1.85324e-09	-5.06884e-10	53.5634174000006
-0.44	-1.84787e-09	-5.21624e-10	53.6754834000021
-0.42	-1.83581e-09	-5.29166e-10	53.7874686999712
-0.4	-1.82869e-09	-5.3431e-10	53.8993909000419
-0.379999999999999	-1.81508e-09	-5.45477e-10	54.0114324998576
-0.359999999999999	-1.80568e-09	-5.57335e-10	54.123651899863
-0.34	-1.79528e-09	-5.63951e-10	54.2353854998946
-0.32	-1.78389e-09	-5.65382e-10	54.3474667998962
-0.299999999999999	-1.77317e-09	-5.74136e-10	54.4595697999466
-0.279999999999999	-1.76545e-09	-5.86917e-10	54.5714046000503
-0.26	-1.75246e-09	-5.98519e-10	54.6835050999653
-0.24	-1.74147e-09	-6.07388e-10	54.7955237000715
-0.220000000000001	-1.73144e-09	-6.16882e-10	54.9074770000298
-0.199999999999999	-1.71681e-09	-6.29356e-10	55.0193886999041
-0.18	-1.70908e-09	-6.39864e-10	55.1313103998546
-0.16	-1.70425e-09	-6.50491e-10	55.2434739000164
-0.140000000000001	-1.68681e-09	-6.68412e-10	55.3553553998936
-0.119999999999999	-1.67633e-09	-6.79013e-10	55.4674469998572
-0.0999999999999996	-1.67048e-09	-6.84172e-10	55.5793500998989
-0.0800000000000001	-1.65562e-09	-6.95604e-10	55.691419800045
-0.0600000000000005	-1.64567e-09	-6.99539e-10	55.8033280000091
-0.0399999999999991	-1.63697e-09	-7.09983e-10	55.9153309999965
-0.0199999999999996	-1.629e-09	-7.15392e-10	56.0274088999722
0	-1.6196e-09	-7.30531e-10	56.1394698000513
0.0199999999999996	-1.60261e-09	-7.34621e-10	56.2512779999524
0.0400000000000009	-1.59702e-09	-7.38206e-10	56.3634720998816
0.0600000000000005	-1.57737e-09	-7.49038e-10	56.4753612999339
0.0800000000000001	-1.57772e-09	-7.56443e-10	56.5873012999073
0.0999999999999996	-1.56157e-09	-7.61488e-10	56.6991908000782
0.120000000000001	-1.55373e-09	-7.83631e-10	56.8112194999121
0.140000000000001	-1.54026e-09	-7.86785e-10	56.9232807999942
0.16	-1.52888e-09	-7.93921e-10	57.035334300017
0.18	-1.52027e-09	-8.02759e-10	57.1472883999813
0.200000000000001	-1.50677e-09	-8.13059e-10	57.2592261000536
0.220000000000001	-1.50247e-09	-8.17809e-10	57.371345799882
0.24	-1.48904e-09	-8.27841e-10	57.4831641998608
0.26	-1.47555e-09	-8.39891e-10	57.5952957000118
0.279999999999999	-1.46445e-09	-8.5218e-10	57.7071122999769
0.300000000000001	-1.45929e-09	-8.61e-10	57.8193081999198
0.32	-1.44782e-09	-8.6642e-10	57.9311693999916
0.34	-1.43339e-09	-8.76617e-10	58.0430300000589
0.359999999999999	-1.41961e-09	-8.90439e-10	58.1552132999059
0.380000000000001	-1.41449e-09	-8.93993e-10	58.2670954999048
0.4	-1.40411e-09	-9.03354e-10	58.3791008000262
0.42	-1.39754e-09	-9.10437e-10	58.4911479998846
0.44	-1.38411e-09	-9.29111e-10	58.6032330000307
0.460000000000001	-1.37405e-09	-9.3829e-10	58.7150729000568
0.48	-1.36054e-09	-9.51679e-10	58.8270683998708
0.5	-1.35192e-09	-9.59133e-10	58.9390781000257
0.52	-1.34018e-09	-9.65791e-10	59.0512115000747
0.540000000000001	-1.33558e-09	-9.73215e-10	59.1631950999144
0.56	-1.32218e-09	-9.82085e-10	59.2749763000757
0.58	-1.31425e-09	-1.00009e-09	59.3870677000377
0.6	-1.29951e-09	-1.00378e-09	59.4990000999533
0.620000000000001	-1.29026e-09	-1.00802e-09	59.6111979999114
0.640000000000001	-1.27506e-09	-1.01971e-09	59.7236365999561
0.66	-1.26802e-09	-1.03438e-09	59.8350722000469
0.68	-1.25681e-09	-1.03371e-09	59.9469713999424
0.700000000000001	-1.24964e-09	-1.0504e-09	60.0589459000621
0.720000000000001	-1.2343e-09	-1.05619e-09	60.1710548999254
0.74	-1.22492e-09	-1.06575e-09	60.2829799000174
0.76	-1.21321e-09	-1.06579e-09	60.394940600032
0.779999999999999	-1.2019e-09	-1.08136e-09	60.5070575000718
0.800000000000001	-1.19447e-09	-1.08239e-09	60.6190186999738
0.82	-1.18598e-09	-1.09309e-09	60.7309393999167
0.84	-1.17714e-09	-1.11022e-09	60.8429010000546
0.859999999999999	-1.1659e-09	-1.1131e-09	60.9551005999092
0.880000000000001	-1.15978e-09	-1.12581e-09	61.0669887999538
0.9	-1.14578e-09	-1.12927e-09	61.1790147998836
0.92	-1.12889e-09	-1.13578e-09	61.2909283000045
0.94	-1.12088e-09	-1.14324e-09	61.4029934999999
0.960000000000001	-1.11279e-09	-1.1578e-09	61.5148962000385
0.98	-1.10256e-09	-1.1658e-09	61.626838499913
1	-1.09037e-09	-1.17869e-09	61.738932600012
1.02	-1.09211e-09	-1.18091e-09	61.850941499928
1.04	-1.07366e-09	-1.18699e-09	61.9629029999487
1.06	-1.06302e-09	-1.19815e-09	62.0749464998953
1.08	-1.05543e-09	-1.20614e-09	62.1869578999467
1.1	-1.04043e-09	-1.21633e-09	62.2988026000094
1.12	-1.02403e-09	-1.23462e-09	62.4107923998963
1.14	-1.02387e-09	-1.23088e-09	62.5229012998752
1.16	-1.01234e-09	-1.24426e-09	62.6347950000782
1.18	-1.0017e-09	-1.25207e-09	62.746759200003
1.2	-9.93867e-10	-1.26573e-09	62.8587674999144
1.22	-9.84141e-10	-1.27043e-09	62.9707774000708
1.24	-9.66459e-10	-1.28603e-09	63.0828406999353
1.26	-9.58252e-10	-1.29414e-09	63.1947387000546
1.28	-9.50657e-10	-1.30015e-09	63.306650799932
1.3	-9.38886e-10	-1.30279e-09	63.4187983998563
1.32	-9.24359e-10	-1.31392e-09	63.5308067000005
1.34	-9.20109e-10	-1.32221e-09	63.642642099876
1.36	-9.12227e-10	-1.33512e-09	63.7548549999483
1.38	-8.98582e-10	-1.34159e-09	63.866512699984
1.4	-8.92105e-10	-1.34671e-09	63.9787673000246
1.42	-8.81192e-10	-1.35907e-09	64.0907314000651
1.44	-8.77742e-10	-1.36458e-09	64.2025929000229
1.46	-8.62446e-10	-1.37167e-09	64.3146971999668
1.48	-8.53974e-10	-1.38491e-09	64.4267790999729
1.5	-8.34097e-10	-1.3884e-09	64.538701799931
1.52	-8.25832e-10	-1.39739e-09	64.6506046999712
1.54	-8.15561e-10	-1.40859e-09	64.7626662000548
1.56	-8.08011e-10	-1.41448e-09	64.8746217000298
1.58	-7.95895e-10	-1.4306e-09	64.9865820999257
1.6	-7.84369e-10	-1.43647e-09	65.0985995000228
1.62	-7.77148e-10	-1.43899e-09	65.2108924998902
1.64	-7.67866e-10	-1.45784e-09	65.322612500051
1.66	-7.53029e-10	-1.46134e-09	65.4347447999753
1.68	-7.4255e-10	-1.47099e-09	65.5465053999797
1.7	-7.33729e-10	-1.47737e-09	65.6585559998639
1.72	-7.3253e-10	-1.48629e-09	65.7705134998541
1.74	-7.2037e-10	-1.49219e-09	65.8825091999024
1.76	-7.1046e-10	-1.50539e-09	65.9945632999297
1.78	-6.95633e-10	-1.5131e-09	66.1065986000467
1.8	-6.87885e-10	-1.51522e-09	66.2185402000323
1.82	-6.81799e-10	-1.51765e-09	66.3305659000762
1.84	-6.67915e-10	-1.54204e-09	66.442574699875
1.86	-6.5637e-10	-1.55688e-09	66.5545824000146
1.88	-6.53166e-10	-1.55342e-09	66.6665231999941
1.9	-6.36485e-10	-1.55734e-09	66.7784994000103
1.92	-6.33224e-10	-1.5709e-09	66.8904692998622
1.94	-6.16268e-10	-1.5804e-09	67.0024526999332
1.96	-6.04917e-10	-1.5859e-09	67.1144153000787
1.98	-6.00555e-10	-1.59463e-09	67.2264542998746
2	-5.85079e-10	-1.60067e-09	67.3383788000792
2.02	-5.71504e-10	-1.61516e-09	67.4504774999805
2.04	-5.70364e-10	-1.62149e-09	67.5624196999706
2.06	-5.56759e-10	-1.63126e-09	67.6743347998708
2.08	-5.45743e-10	-1.63247e-09	67.7865247998852
2.1	-5.42974e-10	-1.64433e-09	67.8984485000838
2.12	-5.27776e-10	-1.65378e-09	68.0103078999091
2.14	-5.19367e-10	-1.66123e-09	68.1223382998724
2.16	-5.09793e-10	-1.67354e-09	68.2342983998824
2.18	-4.99467e-10	-1.67634e-09	68.3463254000526
2.2	-4.89825e-10	-1.6832e-09	68.458348199958
2.22	-4.74251e-10	-1.69142e-09	68.5704206998926
2.24	-4.69723e-10	-1.69505e-09	68.6823179000057
2.26	-4.57069e-10	-1.70159e-09	68.7942524000537
2.28	-4.46828e-10	-1.70821e-09	68.9063285999
2.3	-4.352e-10	-1.72051e-09	69.0182630000636
2.32	-4.24161e-10	-1.72632e-09	69.1303598000668
2.34	-4.1863e-10	-1.73486e-09	69.2423280000221
2.36	-4.04158e-10	-1.74117e-09	69.3543376000598
2.38	-3.94106e-10	-1.74688e-09	69.4662353999447
2.4	-3.91543e-10	-1.7613e-09	69.5782659999095
2.42	-3.81866e-10	-1.7749e-09	69.6903629000299
2.44	-3.63585e-10	-1.77485e-09	69.8022312999237
2.46	-3.6235e-10	-1.78242e-09	69.9142102999613
2.48	-3.44899e-10	-1.78999e-09	70.0262831000146
2.5	-3.35841e-10	-1.80185e-09	70.1382063999772
2.52	-3.28888e-10	-1.80683e-09	70.250149599975
2.54	-3.19256e-10	-1.81083e-09	70.3622238000389
2.56	-3.07074e-10	-1.82139e-09	70.4745940999128
2.58	-2.97608e-10	-1.83168e-09	70.5862213000655
2.6	-2.85451e-10	-1.84025e-09	70.698184199864
2.62	-2.8244e-10	-1.83921e-09	70.8102084000129
2.64	-2.69566e-10	-1.84485e-09	70.9223009999841
2.66	-2.63036e-10	-1.85198e-09	71.0341769999359
2.68	-2.49789e-10	-1.86125e-09	71.1463696998544
2.7	-2.397e-10	-1.86983e-09	71.258150300011
2.72	-2.30924e-10	-1.88009e-09	71.3701712999027
2.74	-2.21427e-10	-1.88736e-09	71.4822331999894
2.76	-2.09699e-10	-1.89496e-09	71.5940674999729
2.78	-1.99525e-10	-1.90254e-09	71.7061570999213
2.8	-1.99457e-10	-1.90461e-09	71.8181322999299
2.82	-1.8576e-10	-1.91536e-09	71.9301906998735
2.84	-1.7121e-10	-1.92691e-09	72.0421521000098
2.86	-1.64257e-10	-1.93326e-09	72.154119099956
2.88	-1.56922e-10	-1.93935e-09	72.2661289998796
2.9	-1.47726e-10	-1.95438e-09	72.3781045998912
2.92	-1.31514e-10	-1.95973e-09	72.4900609999895
2.94	-1.25714e-10	-1.96229e-09	72.6019454998896
2.96	-1.1632e-10	-1.96973e-09	72.7140088998713
2.98	-1.04896e-10	-1.98609e-09	72.8260544999503
3	-9.38898e-11	-1.99213e-09	72.9381071000826
3.02	-8.32088e-11	-2.005e-09	73.0499900998548
3.04	-7.53476e-11	-2.0043e-09	73.161940400023
3.06	-6.79995e-11	-2.02106e-09	73.2740627999883
3.08	-5.35191e-11	-2.03355e-09	73.3859723999631
3.1	-5.02657e-11	-2.03903e-09	73.4979888000526
3.12	-3.61247e-11	-2.044e-09	73.6099386999849
3.14	-2.34634e-11	-2.05452e-09	73.7219362999313
3.16	-1.35145e-11	-2.06075e-09	73.8339498999994
3.18	-5.22285e-12	-2.06583e-09	73.9460020998958
3.2	3.22993e-12	-2.07596e-09	74.0580366998911
3.22	8.71303e-12	-2.08774e-09	74.1698886998929
3.24	2.57042e-11	-2.0889e-09	74.2819516998716
3.26	3.50285e-11	-2.0905e-09	74.3938152999617
3.28	4.76902e-11	-2.09524e-09	74.5057963998988
3.3	5.30378e-11	-2.10583e-09	74.6179102000315
3.32	6.22647e-11	-2.11453e-09	74.7300040998962
3.34	7.4208e-11	-2.12512e-09	74.8418502998538
3.36	8.25369e-11	-2.13173e-09	74.9537720999215
3.38	9.20549e-11	-2.13374e-09	75.0659008000512
3.4	1.02943e-10	-2.14557e-09	75.1779308998957
3.42	1.14518e-10	-2.15099e-09	75.2901218999177
3.44	1.21565e-10	-2.15907e-09	75.4018107000738
3.46	1.27892e-10	-2.16831e-09	75.5138339998666
3.48	1.42124e-10	-2.17508e-09	75.6257845999207
3.5	1.5261e-10	-2.18287e-09	75.7377889999188
3.52	1.63897e-10	-2.1812e-09	75.8498599000741
3.54	1.7675e-10	-2.193e-09	75.961742100073
3.56	1.82761e-10	-2.19738e-09	76.0736801999155
3.58	1.94198e-10	-2.20983e-09	76.1857972000726
3.6	2.0138e-10	-2.22367e-09	76.2977201999165
3.62	2.11456e-10	-2.22574e-09	76.4098229000811
3.64	2.24651e-10	-2.23654e-09	76.5217997999862
3.66	2.2911e-10	-2.24489e-09	76.6336508998647
3.68	2.43468e-10	-2.24267e-09	76.7458802999463
3.7	2.54203e-10	-2.25723e-09	76.8578248999547
3.72	2.65898e-10	-2.26361e-09	76.9696207998786
3.74	2.70082e-10	-2.26908e-09	77.0816609000321
3.76	2.7922e-10	-2.28298e-09	77.1937857999001
3.78	2.86388e-10	-2.28017e-09	77.3056145000737
3.8	3.01477e-10	-2.28414e-09	77.417627699906
3.82	3.15173e-10	-2.29205e-09	77.5296938000247
3.84	3.25914e-10	-2.30192e-09	77.6417056999635
3.86	3.34579e-10	-2.31306e-09	77.7536253000144
3.88	3.43299e-10	-2.32315e-09	77.8655594000593
3.9	3.4737e-10	-2.32979e-09	77.9777511998545
3.92	3.59409e-10	-2.32234e-09	78.0896123000421
3.94	3.68475e-10	-2.33676e-09	78.2015527999029
3.96	3.78159e-10	-2.34267e-09	78.313678599894
3.98	3.87261e-10	-2.35433e-09	78.4257070000749
4	4.01136e-10	-2.35955e-09	78.5375880000647
4.02	4.09975e-10	-2.36258e-09	78.6495369998738
4.04	4.22834e-10	-2.37929e-09	78.7614760000724
4.06	4.33596e-10	-2.37701e-09	78.8736082999967
4.08	4.37268e-10	-2.3815e-09	78.9857186998706
4.1	4.49135e-10	-2.39033e-09	79.0975039999466
4.12	4.51461e-10	-2.39082e-09	79.2093891000841
4.14	4.66879e-10	-2.39949e-09	79.3216381999664
4.16	4.73313e-10	-2.41638e-09	79.4335636999458
4.18	4.87514e-10	-2.41864e-09	79.5454514999874
4.2	4.98226e-10	-2.42231e-09	79.6574891000055
4.22	5.01806e-10	-2.42965e-09	79.7695015000645
4.24	5.13981e-10	-2.43521e-09	79.8815748000052
4.26	5.19287e-10	-2.44738e-09	79.9934379998595
4.28	5.37086e-10	-2.45381e-09	80.1054211000446
4.3	5.44052e-10	-2.46217e-09	80.2178153998684
4.32	5.53954e-10	-2.46579e-09	80.3293862000573
4.34	5.5661e-10	-2.47444e-09	80.4413701000158
4.36	5.73517e-10	-2.47619e-09	80.5533990999684
4.38	5.80478e-10	-2.49116e-09	80.6653770999983
4.4	5.95014e-10	-2.49342e-09	80.7773907999508
4.42	6.04181e-10	-2.50266e-09	80.8895453000441
4.44	6.1611e-10	-2.50961e-09	81.0014513998758
4.46	6.2371e-10	-2.516e-09	81.1132956999354
4.48	6.37342e-10	-2.52366e-09	81.2253193000797
4.5	6.45774e-10	-2.52602e-09	81.3374105999246
4.52	6.55913e-10	-2.5369e-09	81.4493718999438
4.54	6.61321e-10	-2.53743e-09	81.5614551999606
4.56	6.70848e-10	-2.55077e-09	81.6733339000493
4.58	6.79201e-10	-2.55543e-09	81.7852815000806
4.6	6.9064e-10	-2.56206e-09	81.8972690999508
4.62	7.04478e-10	-2.56909e-09	82.0093773000408
4.64	7.08714e-10	-2.57052e-09	82.1212615999393
4.66	7.19546e-10	-2.57717e-09	82.2332265998702
4.68	7.29866e-10	-2.59073e-09	82.3451928999275
4.7	7.39938e-10	-2.595e-09	82.4572854998987
4.72	7.46311e-10	-2.60229e-09	82.5690053000581
4.74	7.59659e-10	-2.61753e-09	82.6811023999471
4.76	7.72689e-10	-2.61956e-09	82.7929920000024
4.78	7.764e-10	-2.62379e-09	82.9051574000623
4.8	7.93406e-10	-2.62579e-09	83.0173474000767
4.82	7.98972e-10	-2.63396e-09	83.1292264999356
4.84	8.09781e-10	-2.63671e-09	83.2411160999909
4.86	8.20161e-10	-2.64411e-09	83.353177400073
4.88	8.30574e-10	-2.64719e-09	83.4652473998722
4.9	8.37962e-10	-2.65177e-09	83.5772094998974
4.92	8.53034e-10	-2.66207e-09	83.6890322999097
4.94	8.60568e-10	-2.66715e-09	83.8010720000602
4.96	8.65638e-10	-2.68234e-09	83.9130573000293
4.98	8.77904e-10	-2.68082e-09	84.0251487998758
5	8.8473e-10	-2.68906e-09	84.1372233999427
5.02	8.97745e-10	-2.68936e-09	84.248985900078
5.04	9.08238e-10	-2.69615e-09	84.361081500072
5.06	9.1966e-10	-2.70619e-09	84.4731053998694
5.08	9.26365e-10	-2.70823e-09	84.5851648000535
5.1	9.40332e-10	-2.7132e-09	84.6970611999277
5.12	9.45711e-10	-2.72025e-09	84.8091323999688
5.14	9.57349e-10	-2.72745e-09	84.9208122999407
5.16	9.62617e-10	-2.73801e-09	85.0330294999294
5.18	9.72554e-10	-2.74185e-09	85.1452104998752
5.2	9.83218e-10	-2.75005e-09	85.2570132999681
5.22	9.93055e-10	-2.7501e-09	85.3689288999885
5.24	1.00128e-09	-2.76897e-09	85.4809326999821
5.26	1.01075e-09	-2.7706e-09	85.5929677998647
5.28	1.03097e-09	-2.77847e-09	85.7050125000533
5.3	1.03537e-09	-2.78943e-09	85.8169950998854
5.32	1.04748e-09	-2.79313e-09	85.9289319000673
5.34	1.05288e-09	-2.79646e-09	86.0410257000476
5.36	1.05927e-09	-2.8054e-09	86.1529480000027
5.38	1.07041e-09	-2.81136e-09	86.2649393999018
5.4	1.08514e-09	-2.81668e-09	86.3770830999129
5.42	1.09105e-09	-2.81805e-09	86.4889231999405
5.44	1.10298e-09	-2.8318e-09	86.6008699000813
5.46	1.11354e-09	-2.83255e-09	86.7129865000024
5.48	1.12675e-09	-2.83702e-09	86.8249546000734
5.5	1.13046e-09	-2.84242e-09	86.9370222999714
5.52	1.14393e-09	-2.85113e-09	87.0490254999604
5.54	1.14715e-09	-2.85423e-09	87.1608762999531
5.56	1.16058e-09	-2.85946e-09	87.2728697999846
5.58	1.1704e-09	-2.86702e-09	87.3849033999722
5.6	1.18745e-09	-2.87318e-09	87.4968085999135
5.62	1.18911e-09	-2.87931e-09	87.6087311999872
5.64	1.20545e-09	-2.89211e-09	87.7208163000178
5.66	1.21661e-09	-2.89382e-09	87.8330447999761
5.68	1.22901e-09	-2.90234e-09	87.9447615998797
5.7	1.23498e-09	-2.90271e-09	88.0568432998843
5.72	1.24137e-09	-2.90327e-09	88.1687675998546
5.74	1.25181e-09	-2.91432e-09	88.2808963998687
5.76	1.26274e-09	-2.92715e-09	88.3927944998723
5.78	1.27574e-09	-2.92432e-09	88.5049181000795
5.8	1.28157e-09	-2.92815e-09	88.6168356998824
5.82	1.2908e-09	-2.9366e-09	88.7288492000662
5.84	1.29647e-09	-2.94081e-09	88.8407771000639
5.86	1.3109e-09	-2.95692e-09	88.9527278998867
5.88	1.31866e-09	-2.96032e-09	89.0647495000158
5.9	1.33017e-09	-2.95965e-09	89.1767368998844
5.92	1.33602e-09	-2.96493e-09	89.2887043999508
5.94	1.35668e-09	-2.98117e-09	89.4007802999113
5.96	1.36065e-09	-2.9804e-09	89.5127189999912
5.98	1.36943e-09	-2.98724e-09	89.6247658999637
6	1.38569e-09	-2.99144e-09	89.736632599961
6.02	1.39468e-09	-2.99607e-09	89.8487052000128
6.04	1.40427e-09	-3.00412e-09	89.9606745999772
6.06	1.4158e-09	-3.0041e-09	90.0726373998914
6.08	1.42497e-09	-3.01208e-09	90.1847004999872
6.1	1.43751e-09	-3.01425e-09	90.2966364000458
6.12	1.43993e-09	-3.02105e-09	90.4085396998562
6.14	1.45269e-09	-3.02946e-09	90.520606999984
6.16	1.46635e-09	-3.0319e-09	90.6325363998767
6.18	1.47724e-09	-3.03985e-09	90.744517599931
6.2	1.49054e-09	-3.0458e-09	90.8567200999241
6.22	1.49562e-09	-3.04597e-09	90.968630899908
6.24	1.50874e-09	-3.05435e-09	91.0805726000108
6.26	1.51449e-09	-3.0663e-09	91.192553400062
6.28	1.52443e-09	-3.06207e-09	91.3044988000765
6.3	1.53742e-09	-3.07179e-09	91.4166234999429
6.32	1.55299e-09	-3.07437e-09	91.5286554999184
6.34	1.56419e-09	-3.08259e-09	91.6406747999135
6.36	1.57167e-09	-3.09698e-09	91.7525523998775
6.38	1.57815e-09	-3.09658e-09	91.8645307000261
6.4	1.58855e-09	-3.09956e-09	91.9764632999431
6.42	1.5999e-09	-3.10677e-09	92.088615299901
6.44	1.60995e-09	-3.10905e-09	92.2004612998571
6.46	1.62071e-09	-3.11459e-09	92.3125505999196
6.48	1.6308e-09	-3.11937e-09	92.4244917999022
6.5	1.6394e-09	-3.12427e-09	92.5365536999889
6.52	1.65194e-09	-3.1286e-09	92.6484141000547
6.54	1.66171e-09	-3.14717e-09	92.7605156998616
6.56	1.66671e-09	-3.13636e-09	92.8724197999109
6.58	1.67658e-09	-3.14974e-09	92.9844164999668
6.6	1.68839e-09	-3.15149e-09	93.096457199892
6.62	1.70008e-09	-3.16101e-09	93.2084329000209
6.64	1.70969e-09	-3.16548e-09	93.320497199893
6.66	1.71834e-09	-3.17136e-09	93.4325812999159
6.68	1.72594e-09	-3.17526e-09	93.5445294999518
6.7	1.74108e-09	-3.1785e-09	93.6563965999521
6.72	1.74407e-09	-3.17818e-09	93.7684796000831
6.74	1.75618e-09	-3.18603e-09	93.8803759999573
6.76	1.77342e-09	-3.2003e-09	93.9922940998804
6.78	1.78351e-09	-3.19101e-09	94.1042529998813
6.8	1.78982e-09	-3.20211e-09	94.2164952000603
6.82	1.80493e-09	-3.20502e-09	94.3281334999483
6.84	1.81141e-09	-3.20776e-09	94.4401946999133
6.86	1.81865e-09	-3.21795e-09	94.552193999989
6.88	1.82918e-09	-3.22363e-09	94.6643701000139
6.9	1.83949e-09	-3.22895e-09	94.7761913998984
6.92	1.86022e-09	-3.23334e-09	94.8883046000265
6.94	1.8625e-09	-3.23789e-09	95.0002110998612
6.96	1.8709e-09	-3.24324e-09	95.1122485999949
6.98	1.88513e-09	-3.24984e-09	95.2243439999875
7	1.89568e-09	-3.2513e-09	95.3361241999082
7.02	1.90582e-09	-3.25848e-09	95.4482301999815
7.04	1.91385e-09	-3.26364e-09	95.5601820999291
7.06	1.92248e-09	-3.25867e-09	95.6722814999521
7.08	1.93374e-09	-3.26668e-09	95.7842649999075
7.1	1.94748e-09	-3.27604e-09	95.8961922999006
7.12	1.95313e-09	-3.27624e-09	96.0082038000692
7.14	1.96265e-09	-3.28401e-09	96.1201909999363
7.16	1.9732e-09	-3.29017e-09	96.2321729999967
7.18	1.99003e-09	-3.29113e-09	96.3440747999121
7.2	1.99795e-09	-3.30477e-09	96.4562857998535
7.22	2.01006e-09	-3.30384e-09	96.5682182000019
7.24	2.02241e-09	-3.30707e-09	96.6802149000578
7.26	2.03451e-09	-3.31133e-09	96.792244900018
7.28	2.04176e-09	-3.31415e-09	96.9040576000698
7.3	2.04956e-09	-3.32103e-09	97.0160862000193
7.32	2.06744e-09	-3.32829e-09	97.1282248999923
7.34	2.07656e-09	-3.33328e-09	97.2400998999365
7.36	2.08057e-09	-3.34603e-09	97.3525566000026
7.38	2.09496e-09	-3.34226e-09	97.464124500053
7.4	2.10421e-09	-3.34887e-09	97.57615670003
7.42	2.117e-09	-3.35581e-09	97.6881230999716
7.44	2.12382e-09	-3.35769e-09	97.800005099969
7.46	2.13661e-09	-3.36247e-09	97.9121751000639
7.48	2.149e-09	-3.36215e-09	98.0242834000383
7.5	2.15022e-09	-3.36838e-09	98.1360261000227
7.52	2.16839e-09	-3.37226e-09	98.2479662999976
7.54	2.18348e-09	-3.3777e-09	98.360160500044
7.56	2.18842e-09	-3.38124e-09	98.4720226000063
7.58	2.20121e-09	-3.3904e-09	98.5839724999387
7.6	2.21334e-09	-3.39215e-09	98.6962393000722
7.62	2.2235e-09	-3.39513e-09	98.8079921000171
7.64	2.23896e-09	-3.40072e-09	98.9202155999374
7.66	2.24795e-09	-3.40703e-09	99.0319260999095
7.68	2.25319e-09	-3.40479e-09	99.1438996999059
7.7	2.27273e-09	-3.41911e-09	99.255955300061
7.72	2.28052e-09	-3.41542e-09	99.3680620999075
7.74	2.28508e-09	-3.41761e-09	99.4798403000459
7.76	2.30145e-09	-3.42301e-09	99.5920050998684
7.78	2.30602e-09	-3.42835e-09	99.7040194999427
7.8	2.3247e-09	-3.42749e-09	99.8158529000357
7.82	2.33649e-09	-3.43378e-09	99.9278458000626
7.84	2.34377e-09	-3.43909e-09	100.039861100027
7.86	2.35574e-09	-3.44303e-09	100.151924599893
7.88	2.36955e-09	-3.4495e-09	100.263824299909
7.9	2.37943e-09	-3.44933e-09	100.375824099872
7.92	2.38993e-09	-3.44836e-09	100.487824199954
7.94	2.39863e-09	-3.45469e-09	100.599879799876
7.96	2.41271e-09	-3.45423e-09	100.711743100081
7.98	2.4253e-09	-3.459e-09	100.823826199863
8	2.42826e-09	-3.46408e-09	100.935895900009
8.02	2.44323e-09	-3.46382e-09	101.047863699961
8.04	2.45581e-09	-3.46501e-09	101.15978519991
8.06	2.46751e-09	-3.47006e-09	101.271909599891
8.08	2.48355e-09	-3.47442e-09	101.383885599906
8.1	2.49006e-09	-3.48079e-09	101.495740900049
8.12	2.5033e-09	-3.4841e-09	101.607675199863
8.14	2.51771e-09	-3.48565e-09	101.719728099881
8.16	2.52077e-09	-3.49245e-09	101.831872500014
8.18	2.53552e-09	-3.49433e-09	101.943817599909
8.2	2.5491e-09	-3.49589e-09	102.055778899929
8.22	2.56005e-09	-3.49856e-09	102.16769729997
8.24	2.57067e-09	-3.50272e-09	102.279809499858
8.26	2.58685e-09	-3.50457e-09	102.391746500041
8.28	2.59412e-09	-3.50314e-09	102.503791699884
8.3	2.60664e-09	-3.51552e-09	102.615753199905
8.32	2.61641e-09	-3.52214e-09	102.727697999915
8.34	2.62615e-09	-3.5259e-09	102.839668399887
8.36	2.64288e-09	-3.52517e-09	102.9517031
8.38	2.65757e-09	-3.52857e-09	103.063605600037
8.4	2.66347e-09	-3.52627e-09	103.175715599908
8.42	2.67584e-09	-3.53227e-09	103.287657100009
8.44	2.69555e-09	-3.53942e-09	103.399668700062
8.46	2.70202e-09	-3.53771e-09	103.511688299943
8.48	2.71909e-09	-3.54398e-09	103.623654299881
8.5	2.71702e-09	-3.54455e-09	103.73555699992
8.52	2.74129e-09	-3.55162e-09	103.847545499913
8.54	2.74698e-09	-3.55333e-09	103.95965189999
8.56	2.76059e-09	-3.55454e-09	104.071602399927
8.58	2.77777e-09	-3.55656e-09	104.183536599856
8.6	2.78451e-09	-3.56084e-09	104.295631600078
8.62	2.79768e-09	-3.55815e-09	104.40764650004
8.64	2.80999e-09	-3.55879e-09	104.519502900075
8.66	2.81949e-09	-3.56845e-09	104.631498100003
8.68	2.8335e-09	-3.56908e-09	104.743474999908
8.7	2.84451e-09	-3.57269e-09	104.855527899927
8.72	2.85754e-09	-3.57716e-09	104.967456900049
8.74	2.86245e-09	-3.57794e-09	105.079418699956
8.76	2.87798e-09	-3.57806e-09	105.191470199963
8.78	2.89261e-09	-3.58384e-09	105.303417499876
8.8	2.90414e-09	-3.59565e-09	105.415524699958
8.82	2.9203e-09	-3.59117e-09	105.52738850005
8.84	2.93193e-09	-3.5967e-09	105.63938930002
8.86	2.93768e-09	-3.59452e-09	105.751473699929
8.88	2.95796e-09	-3.5966e-09	105.863538499922
8.9	2.96359e-09	-3.59455e-09	105.975409999955
8.92	2.97433e-09	-3.59739e-09	106.087399299955
8.94	2.99016e-09	-3.60401e-09	106.199315999867
8.96	3.00242e-09	-3.60827e-09	106.311500899959
8.98	3.01874e-09	-3.60924e-09	106.423405099893
9	3.02793e-09	-3.60605e-09	106.535394900013
9.02	3.04609e-09	-3.613e-09	106.647434399929
9.04	3.05284e-09	-3.61595e-09	106.759378199931
9.06	3.06117e-09	-3.61288e-09	106.871325999964
9.08	3.08041e-09	-3.61758e-09	106.983351100003
9.1	3.09085e-09	-3.61673e-09	107.095369899878
9.12	3.10695e-09	-3.62268e-09	107.207328399876
9.14	3.11635e-09	-3.61728e-09	107.319440299878
9.16	3.13346e-09	-3.617e-09	107.431362899952
9.18	3.14592e-09	-3.62926e-09	107.543400999857
9.2	3.15732e-09	-3.62844e-09	107.655389599968
9.22	3.1746e-09	-3.62828e-09	107.767505599884
9.24	3.18441e-09	-3.63204e-09	107.879510799889
9.26	3.19392e-09	-3.62041e-09	107.991234499961
9.28	3.2095e-09	-3.62626e-09	108.103250900051
9.3	3.22638e-09	-3.63003e-09	108.215288399952
9.32	3.23267e-09	-3.62261e-09	108.327337099938
9.34	3.25437e-09	-3.62799e-09	108.439230599906
9.36	3.26684e-09	-3.62832e-09	108.551074499963
9.38	3.28062e-09	-3.6366e-09	108.663228699937
9.4	3.29253e-09	-3.63077e-09	108.775123900035
9.42	3.31079e-09	-3.63464e-09	108.88716579997
9.44	3.31984e-09	-3.63861e-09	108.999137500068
9.46	3.33524e-09	-3.63791e-09	109.111087199999
9.48	3.34982e-09	-3.63915e-09	109.223153099883
9.5	3.36234e-09	-3.64063e-09	109.335196099943
9.52	3.379e-09	-3.63228e-09	109.447222499875
9.54	3.39215e-09	-3.63831e-09	109.559177800082
9.56	3.40161e-09	-3.63812e-09	109.671030299971
9.58	3.41072e-09	-3.63932e-09	109.783411500044
9.6	3.42816e-09	-3.63953e-09	109.89512780006
9.62	3.44567e-09	-3.64272e-09	110.007043499965
9.64	3.45523e-09	-3.64231e-09	110.119112299988
9.66	3.47225e-09	-3.6428e-09	110.231007499853
9.68	3.48585e-09	-3.64821e-09	110.342969599878
9.7	3.499e-09	-3.64921e-09	110.455130700022
9.72	3.51083e-09	-3.64407e-09	110.567091699922
9.74	3.52627e-09	-3.6476e-09	110.679035499925
9.76	3.54239e-09	-3.64067e-09	110.790998799959
9.78	3.55767e-09	-3.64366e-09	110.902973199962
9.8	3.5696e-09	-3.64287e-09	111.015112499939
9.82	3.58204e-09	-3.64571e-09	111.126969799865
9.84	3.59792e-09	-3.64967e-09	111.239055299899
9.86	3.61127e-09	-3.64017e-09	111.350960199954
9.88	3.63215e-09	-3.64101e-09	111.463152699871
9.9	3.64459e-09	-3.64311e-09	111.574908199953
9.92	3.6665e-09	-3.63524e-09	111.687071099877
9.94	3.68351e-09	-3.64332e-09	111.798850599909
9.96	3.6922e-09	-3.63312e-09	111.910934600048
9.98	3.70283e-09	-3.6465e-09	112.022856399883
10	3.71713e-09	-3.63803e-09	112.134912499925
